x
101.878353999757
102.352605435682
102.61275558003
102.059921149532
99.4675061054824
99.8492096825597
99.9622831878417
99.8065769768781
98.3626923985743
98.0815841471135
98.9794204521575
100.727862180079
100.678451709018
100.842030262404
100.613150465411
99.0413847608428
98.6385628579246
98.5697051341769
98.8606222064706
100.290598237171
101.186599588874
100.81873126565
100.286845486568
100.847082879975
101.289013889737
100.324886668001
99.3821743717287
99.7906049909545
100.694872810611
100.527771340181
101.228078422151
101.433982321163
100.471382407637
100.54868209812
99.3229383108882
100.733207900107
102.780250168921
101.975033621479
100.264944613426
100.546353931577
100.361337073712
102.627542791327
102.280363503296
102.278145814212
101.760652101219
100.494783693727
100.386486243347
98.5033402013546
100.056901276733
100.486195204237
102.543598980971
102.690551149652
101.268541279614
101.356715963035
100.137748813178
98.6559712426565
99.0998994253292
98.9849269716155
99.2018958571188
99.5158894944611
99.0864699647651
98.6739560532794
98.8228568756081
100.327051086474
98.9409863594167
99.5479232791342
100.135285904133
101.224390044412
100.76550907491
100.845038377626
100.932629417094
100.163740319128
101.213982023175
102.251763593114
102.508528687834
103.482846265927
103.313845502623
101.154796928491
99.9797739940151
98.6465760980649
98.3342801092264
98.1189492719465
98.601307028062
98.1184164457198
98.6587359546974
98.4381362788502
100.543065735784
101.450310944941
102.068733386157
102.014333574035
103.169046653909
101.919031419891
100.754529972774
101.868124273411
100.943447085786
100.322892945786
99.7917409838878
99.4556642342846
99.2758530873129
99.9314628317916
99.8735311662381
99.3700482577985
100.800881113206
100.614645135732
100.207779183259
100.009343381059
100.69916852555
100.558386825169
100.338523725326
99.5477792946792
99.222843138278
99.4512965827798
99.0390452097731
99.7410489422218
98.406639416295
98.8875266358389
97.7461303937076
97.8140251840512
97.8813424990235
97.7591889877465
98.2441165574389
96.8451428089578
98.585311393153
97.5800622013988
97.5095186522644
97.0480368712477
96.9596227876714
99.8087386967596
100.300946016551
98.9278408050898
97.3516229230574
98.2682020405291
98.8592190159103
98.8796729700504
98.2227952566728
97.0826239400388
96.5851523993831
98.394597023959
98.4549569827172
97.4097897015582
99.7792580440374
100.644439132683
100.29748036744
101.218989885734
101.951412181131
100.924030008835
102.729074861079
102.096545865522
99.9920820496246
99.5651589027405
99.8742696507598
102.261474822438
102.150430423412
101.983460575391
101.402669228502
100.632437030513
100.341179724575
101.01952020717
102.946437074797
103.504947392852
103.866850061136
101.717053300915
101.939568196382
101.774401655139
99.818816090237
100.100743999996
100.015970743811
101.444015911694
100.537646600975
99.7929244668331
98.84289527862
98.827700834122
99.5459815710844
99.0308412825368
100.005612431133
98.9619205490853
97.9837434142911
99.8201812142865
99.1465109260647
99.6113628675019
99.4292728986059
99.9336776584533
101.724328015052
103.131392701219
102.178384776859
99.1734522483722
101.462031056636
102.190020224378
102.207754726381
101.640294252514
101.655634495083
101.096589999379
101.155432476466
100.492694918199
98.8946292163967
99.940037143423
101.675338679387
101.167945511445
99.5025239885587
100.043350146547
100.114084226825
98.3376987245737
98.4918772855169
98.3144401378697
98.3530794498628
97.622389536296
99.9075001107975
99.9647464227505
98.303582676394
98.6885986297647
99.3846333749887
98.6360517913639
95.9591502421933
95.9531393326343
97.6096088282515
98.3811044309175
98.7566497024285
99.670839771519
98.6952933472079
99.9461906596039
100.176344842299
100.829683251352
101.756348144163
101.659745662777
100.327810434061
101.216690337237
99.0841112024738
98.4140541127729
98.5252090217837
98.7503911366522
100.112513497088
100.419074122821
100.727763868019
100.521213415285
100.103254086478
100.71829579883
101.788145577721
99.0778513609559
99.4466162649366
100.101903703283
99.7210097520981
100.670666089734
100.270431642611
99.8271240516844
100.679530481899
102.366780592066
102.270726775207
101.221335713045
99.5813849023144
99.1381137937692
98.3906437333526
98.426552164926
99.241179167046
98.6958441585527
101.565886373677
101.781965513458
102.408785462009
99.6230672970568
100.019323469167
98.8454814994046
99.848391695102
100.475965077545
100.005273006102
101.246444018595
100.436130869805
99.5844309707736
98.591906637668
98.1459416034091
99.5137083544088
100.282334988306
101.2895341394
100.713587077062
100.797857512907
100.877939241876
99.2371331118283
100.959170997279
101.161553216524
101.605575782911
102.232159524778
101.702973301284
100.876152750844
101.445817544063
100.143508872268
101.862333966999
101.314269147856
102.497407284516
103.591226853567
102.899267069873
102.61330101048
100.918206410772
100.760841294656
101.64080266522
101.456362844222
100.585132779181
99.6629837111451
99.597009804689
100.779883839435
100.275776049438
99.9752381372191
98.664324669967
99.3005121042276
100.917122560276
102.400607105619
102.794535906711
100.249326890675
100.282600569556
100.750361902815
100.263080166801
100.283965530543
99.3688378114424
100.0646100512
99.85397217599
98.2632781351184
98.1030275013836
99.9630640288043
99.9127504412458
100.604819078135
101.516509003334
101.2552721347
100.527247929605
99.7689135804802
100.471889630084
99.4147831706911
99.6238675799236
99.4964501080895
97.3247258458618
96.2654797647325
98.0200850728907
98.6059844662468
99.7892165523994
101.900582693215
103.181783959021
103.19929349985
102.754921834924
101.811639395303
102.807479686325
102.877048248727
100.959603655101
100.281364635506
98.2469169176064
98.1938010321599
96.1042812833438
98.0685335315495
98.2752309044921
98.2355741942439
98.5095878359299
99.5350659926797
100.475330006896
101.036351012744
100.266493499489
98.7087456725786
98.4347414752114
99.104488716231
98.6056438062798
98.790493505603
97.9719149408966
98.338498979186
98.9641428841845
99.1547954707876
99.2152707471231
101.181459334424
101.942318447072
102.623571296165
101.135579170632
100.774605867304
101.729917661896
101.38538597622
98.829105250214
99.0993473076024
97.533556822156
97.0813285332519
99.1187002639479
100.263527898326
101.399265854224
101.504424750578
101.004259535224
99.7566371490331
101.237697203417
101.229981391258
100.154860692837
100.830599904569
101.82890551142
103.390776823848
102.149677427928
100.993306918106
100.200919246999
99.681741643773
99.3354567203746
99.1658160624209
100.798756163354
100.149955104475
99.5772934088285
100.279008337167
101.450585572986
100.468253587374
99.6652691344185
100.187691741363
101.253862563592
100.830090051734
99.1008366712075
100.793708012468
102.33248938746
101.209385339834
100.639427935058
98.6751173044438
99.2904113378566
101.229579329065
99.5458942428813
98.5751013273942
98.205480292785
97.9344694246283
96.3846167229076
97.5635381461596
96.8628712741956
97.4726526246655
98.8188420304355
99.0935909440253
100.217882968994
100.305204685873
99.5608398153415
100.209415195657
99.8420297799369
101.575265482928
101.438948363883
101.856426906086
101.675224736224
98.2056412970852
96.7762272568466
97.046034433382
98.084207315084
96.3635827329489
97.9476599223732
98.1512755384829
97.8321304508043
96.7763042671461
95.9783969304924
96.9504309397989
98.385937431744
96.8741471237713
96.3879644152337
97.8064744170263
98.118649351719
100.757815631091
102.209291314875
102.391151289032
101.797789958674
101.538790643035
100.427119481268
100.785819564791
102.155891086031
102.888596462322
101.425459248978
99.2162957737282
99.0179759722768
99.7315414116131
101.251250842121
99.827464900913
99.9798881263398
100.292298442048
101.44526413771
101.222565976519
100.492915334633
99.1267668272242
98.6419534682396
98.5837595584707
101.286761262203
103.8173751244
102.994765582736
101.019327812956
98.5318610471823
99.0923873796507
98.3770319087082
100.930466944893
100.222641153876
100.089831722927
103.895380172709
102.379911459095
101.751722646199
100.180824704999
100.252852047876
99.3732626282156
99.4639340554754
99.3433458212236
98.2977261059925
98.5830525145321
100.001996333917
101.793685094857
100.201661786252
99.617010063148
100.841409384451
99.706649126643
97.043309230231
96.4887137648783
96.3876796657766
97.3254164667843
97.7335524517165
98.5642354857466
98.6188916577448
99.3228680735313
99.234825555414
100.581278180311
99.907587490265
100.078512383573
99.2282424293047
99.4908062657272
99.6374355093047
98.052138175879
98.1553660372686
99.8601245802669
100.819529862487
100.853198519268
99.4335720459524
100.534265796213
100.687033496852
100.044990036817
101.583166488019
100.667029862574
100.61636340024
101.773863993503
102.100275074859
101.283614846899
100.418707836499
100.564547394911
100.979691397046
100.807087601181
101.887131773149
101.518850035818
100.349732546787
100.642079698609
98.3551386929764
98.8002143644111
99.7355057562712
99.6893715044447
98.6204419446934
98.4158861249051
100.361951709007
99.8198177849536
97.3934574357782
98.521323223708
98.6260646878361
98.4270965840927
97.5814262545194
98.0413669415853
99.32568443387
99.0807449382051
98.6322971102068
100.017902603861
99.9843501886227
99.7796414832966
99.1879904449079
100.206872296889
99.3307039056759
100.181904394
101.102885441953
100.465559331171
101.080791658345
101.913008087182
102.112079922266
103.618422048708
100.975510651954
99.1254658874854
97.7783227213815
98.3372019966906
100.454206463737
102.312759293424
102.442805994387
102.68629679831
101.911267537299
101.777884061378
101.714548672109
100.514390890846
99.9145706348297
99.7466991932231
101.189566998548
100.07447737252
97.7304012750205
98.756692081158
98.467179479698
98.3276865884773
99.6468642585848
99.1706597227176
98.9257775733549
100.682255439655
101.306371426922
101.562312896773
101.065383943116
99.581700235735
97.9832162399982
98.0655402935709
100.602920304561
101.044091874961
100.939577984962
101.023202780173
100.397558668799
98.8024954417834
101.557736799789
101.20187783034
100.457975751569
98.4685209968586
98.3214881273623
98.5281361257654
98.6647241258345
97.2272667122863
99.4863618946067
101.760972237176
102.274998057506
100.629678040217
100.935135856165
100.551026653761
100.016638428319
101.310333959592
99.9618800403229
99.216520277479
98.6181253486203
98.906200751098
97.665427012434
97.3478928559335
98.7187904340955
99.7115546280715
98.9172289145304
99.6064975093587
97.4037520572391
97.3556135642841
98.7938657045087
98.639275245637
98.8792825720816
97.6149309744169
98.8595872190342
97.5208807641129
97.5708881334566
97.9796434545784
98.595622023011
98.2056280325502
100.408971781817
99.2223101284579
99.4237709897688
96.7076934261031
97.1098464681484
98.4870412607545
97.9581419956666
99.0585883736214
99.8129548069047
100.911591107809
99.9900393896625
98.8537796918211
97.2319984546592
97.3856223068869
96.7666408041372
98.1570444425712
98.9188429676796
101.447198567105
100.293281869528
101.155443852902
100.517779948241
98.8003442801366
99.4418827643266
98.2905337044551
97.4615130336576
97.2789102424331
98.1595220584701
97.7549261667183
99.3065144944962
98.5311558282806
98.9486512384796
99.4504703037616
98.5781965275379
98.3629641403642
98.1121707393432
99.5066779490436
101.402606065804
100.252238339495
100.898979959429
100.739954522296
98.535683630354
97.8256358287924
98.7879135121324
99.3888759216419
97.1589231502775
98.1031026264295
99.4432875740777
99.4368028642923
98.8372920049355
101.01616277141
101.015629662235
100.678923775503
99.3489862553554
97.9754688679505
96.790846411828
97.026993123685
99.1954260085841
101.46277794416
102.943068264332
103.670576301851
102.591158273841
100.542141405719
99.8068562767274
97.3867865814089
97.3744676782884
99.7592475047589
100.294402094868
101.328160769219
101.638231231935
100.465719758295
101.913781124646
101.609971372507
100.135748711166
99.9705731640503
98.4749336509597
99.4925126826985
100.319083069812
99.968890496294
99.4188381938852
100.431794905494
99.4271068368823
98.4026722368288
99.1093542684593
99.0100840827729
100.141880958554
100.085712820521
101.215125829302
101.585102989072
98.9635284592934
97.4900680462685
99.258748566482
100.428474941947
99.4710289723391
98.0905140620456
99.4278664957436
98.9944631652206
100.93549440234
102.786733137741
100.850330218692
99.4586385665484
98.2014364747446
99.1581976683606
98.2534262937956
96.4842409296605
99.1533149375611
100.817563342803
101.59061263871
100.612865283765
100.284926810669
100.816869777428
99.4145055534776
99.2096448126654
99.5976407580923
101.446270656038
101.993076935328
102.80581343052
102.361062981381
100.568350798496
99.8356680503491
98.1522676015895
99.3024861549804
101.114337495546
101.000680836198
99.7070300937156
100.685890849618
100.836880671541
100.227409777717
101.205517848047
100.308733920911
101.213103716396
100.236488163186
100.388459802836
101.241581772382
99.7121239765769
99.9295585189279
99.9187288558677
100.59653675516
99.7641265765612
99.5901826824595
101.078014618666
101.199557198425
101.696579019934
101.131348905993
99.7183736599569
99.5860575401798
98.4830639845156
96.0970351696228
97.9178249330375
97.6893931545471
96.3391104321411
98.067442507262
98.8344043351112
98.5820822835401
98.7095839329256
98.6351378139252
99.9560589778423
100.896233748282
99.0462651696343
99.3404579952131
100.335813961677
101.048693482331
98.4434203235425
98.1901733396076
100.66568317364
101.658699424371
99.6111723241419
97.7222966788868
98.5639834851596
98.9189548645025
100.169747871915
100.604908284793
100.5632004952
100.594102062141
100.61885884745
99.1968531340789
101.533370701232
100.131252747561
99.7925143490253
99.3070483931396
101.206182338029
102.21579027947
101.189624674959
100.925414756665
101.854336438939
103.767450736804
103.386745159833
101.388668024886
99.7800239834781
101.65502690617
99.4890910665481
102.283991818694
101.948592152775
100.857351129011
100.666827693949
101.431680224722
101.491682178713
99.1485929577936
99.3663217354304
100.077557070438
100.803925722589
99.663237452312
97.1869591897354
97.232090548718
97.053249371628
96.9825248115145
96.7808101016516
97.1578067679576
97.6196467846758
99.0676020499282
100.492968321473
99.7478318313892
99.3557579779737
99.8487117563042
101.365178287456
101.179312602544
99.1154312462985
99.2728797192394
99.4182956415253
101.341481668334
101.63695790397
100.591505183513
99.8499213781594
99.3017437164004
99.5961963807286
99.930962291541
100.902805370423
101.135310126842
100.492065136904
99.3304968412291
99.977928461244
100.049002026826
100.204641590005
101.283457704964
102.871184215808
101.40641961466
102.437810895055
101.168550188452
100.910990618221
100.913334366049
100.406899645313
101.623701090759
100.756529371957
101.058319440927
100.859674164609
99.6676404764664
100.795741417247
98.7116164552572
98.1543109761656
97.0613846225261
97.8290097922881
98.7835936180229
98.0826648737945
99.0850713340613
98.4568402864903
99.3724096522448
99.9303564560827
100.714091346288
99.7044360926286
99.7007626666794
99.3467852486548
97.9813036339725
98.4458226180834
100.71637574508
100.208144610304
99.8162695648418
100.520668933233
100.538462509695
102.327689171007
102.755303415945
104.397489070942
103.891418482557
101.659858145773
101.35645263769
100.10922764315
98.8844857327228
98.8282532095784
100.075799080863
100.583752696218
101.291429163732
101.982145472185
101.398717900564
98.542500990701
99.2952113224997
101.834945165456
101.776668289151
99.9004300527697
99.2917673814792
98.4962094347694
98.7188038684359
99.7709468694475
100.84132135653
100.997387203745
99.8112359143081
100.494323280642
101.856995285036
103.821443186482
102.631734351258
102.21757615814
102.840813496642
102.11091230935
101.979218078009
101.704845847039
101.101826854646
100.91289799422
101.637463186059
101.747949698152
100.838882356332
98.2541470305761
97.5348831411141
98.0954504444112
96.1483991656548
99.0119464232629
98.2617906727107
97.3247491492957
99.3529122543389
97.6487102743084
98.6551846834002
98.8624330460631
99.5907781200473
100.68283029488
99.6951393360128
98.8890599048779
96.084223661037
95.6985143780355
97.1769378537326
98.6049617379782
101.151542738301
101.27611814631
101.369866756567
101.126416791971
100.316611185083
100.873171403253
101.22523672734
101.079933083709
99.9663765986648
99.7732210370079
100.614641613239
101.262985272266
100.536727714511
99.6100654270803
100.106024427286
101.225687292438
101.1888212536
100.543093624761
99.4368362302455
99.0103643238974
97.7406459704519
97.4245836443119
99.1927099997965
100.773821862626
99.8932840392403
99.96187488582
100.084854384463
98.4106283457571
99.3657500516388
97.8058472361355
96.8348704772904
98.5332130934016
98.6320073098783
98.7178547772317
97.4372858930642
96.4307487011772
97.562241028432
98.1892037373087
98.1061047601537
97.2219603771683
96.6912683106463
