x
0
-2.12252260390834
-2.62256322374892
-2.47377538761111
-3.49183868738532
-4.59518541363026
-4.97111322908963
-7.42948862633883
-9.21295622724526
-9.04254904627718
-9.10118359124931
-9.57373732407446
-9.90387275583103
-9.23155567837822
-9.16209129537841
-9.78492997020124
-9.48800645832238
-8.16974554286247
-8.12919750061154
-8.67706455764543
-9.25251178303
-9.4330132454982
-10.360308368113
-8.80163979173755
-8.42430720469654
-8.55112297053869
-9.36268041412055
-10.304045033849
-11.5140731329957
-12.3654671729144
-13.2584083128782
-15.7160372051913
-16.5150939425332
-15.8875347406115
-17.2752105163353
-19.6152590426412
-19.5454856527562
-20.7558634673478
-19.5905498827588
-17.5473312265737
-16.7937748261042
-16.5584680710773
-15.8575922406354
-14.3405007803234
-12.5482688636501
-10.7358826005053
-11.1150528351668
-11.262274814199
-11.6631684165168
-12.1006767512521
-12.2353485018342
-12.7381193077458
-14.3502066013758
-17.0659499215243
-18.2430171717365
-17.001501148563
-14.3537074950285
-12.7046486216966
-13.553336577285
-14.7622080867286
-15.222895504604
-15.1027733427258
-16.5929567900894
-19.1913198310314
-21.293153967176
-21.6792035414323
-20.6241525329958
-19.218181109261
-18.8610633158208
-18.594124473663
-18.0387575488337
-17.0319384593877
-18.0887604752244
-20.0546312719269
-21.0027451721217
-19.7819332904414
-17.5916577892716
-15.5632672082917
-14.3567759479169
-13.6913346013801
-14.264724007767
-14.0234452391454
-12.2154221958379
-11.6500747799492
-11.873247389167
-9.85069337893112
-7.74522360871421
-6.86066886665314
-5.29413364617407
-4.13088546921142
-4.17881853627241
-3.11052203116076
-2.88207612350227
-3.75268290536705
-4.0678854061486
-3.81581477331366
-3.24598325414131
-3.95299550909581
-6.17526291201262
-6.51963666618214
-5.92413958249947
-5.16776001019828
-3.82308919729777
-2.60845862200921
-1.55694440165898
-1.71830301950587
0.745372318855278
2.69875787101245
3.04960008002205
3.7792707716313
3.51269768471338
4.57079307855776
6.39456098354656
9.00234353711783
10.6320275572802
8.82138656325803
7.1270043178846
6.19248816986234
5.80898590740164
5.78649246922023
5.61344540591615
6.07911450894342
5.72756498401706
5.03797078907696
2.60183542007942
-0.269600773649656
-2.50959669850145
-2.94776390326918
-1.62366123596169
-2.44310124340251
-3.65595942607321
-2.11517187433737
-0.682185181589298
-1.64334642197398
-3.98296081840547
-5.62848104092011
-6.19519647550826
-7.27440259489407
-8.65502388671984
-9.63779793106806
-10.2125505341525
-10.4405751192768
-10.2013376176767
-8.97153342848335
-8.93162036337343
-9.40933939885368
-8.4602400404758
-8.87652335325356
-10.4452652773031
-9.57483137911652
-7.97742601692624
-8.23857551570084
-9.43611683248473
-10.5588026801475
-12.8212819909031
-12.5034805305964
-9.35775255503859
-8.52721667591961
-8.56474035414011
-7.70710572252596
-7.81558573577229
-7.23753387369123
-6.21054568866718
-5.33012473408737
-5.07390798650236
-5.14833833440937
-3.79123741356649
-4.20718581455188
-5.10206212367347
-6.31769352777608
-7.58510807921836
-8.98729584072513
-9.62680688206251
-11.3984992484181
-12.3256543452263
-10.3576070635928
-9.42580219842761
-8.46594831068686
-8.4408243283587
-10.1678490789499
-12.5117127290955
-12.8849441705382
-11.0048287293655
-8.90460242376202
-5.91042052596176
-3.99334652231379
-3.43032136707605
-2.84032658097957
-3.22487805635492
-4.24953758208137
-4.07645191441734
-3.67686770207917
-5.37676502992677
-6.94381412694722
-7.95977588630195
-9.51379711723909
-10.0511747991198
-9.62005507951372
-9.33976512932914
-8.74702650848826
-7.92981291868869
-7.03756485024134
-5.72480617278568
-4.39071875077519
-4.47838748256973
-3.3463674413395
-1.69356675173325
-0.729238513813479
-0.589666268474039
-0.983207541759845
-0.86458597302036
-0.378003778380253
0.256586971689273
0.613179278643539
-0.516336716924389
-1.75442240472856
-1.5339739359135
-1.73860351223673
-1.79108980931064
-0.409930437418256
0.798017172541132
0.8906686548526
1.03624494632595
1.03778144983906
2.84813841565075
5.32234489691965
5.09292592556341
4.11214005518467
4.04773746992303
4.16753573616235
4.33448864210333
5.08563083892037
6.09024695019596
7.26339503786163
8.59967326865559
8.25673430714946
8.87231948334889
9.21082081069045
7.6510768111716
6.05255456714866
6.21555092850685
7.69472610067528
8.01539989641493
8.18540640533074
7.39699835637545
8.08435441761855
7.99336548802277
6.26822986153805
6.66322175952508
8.12849024455633
11.282640780222
15.6888260084702
17.2992781965323
17.2243679264516
18.0614104180019
18.2803251215668
17.4147643001727
19.6835012256496
20.9976957592
20.5740434978212
21.0236159259159
21.962249083976
22.578698727988
22.7333024143198
22.4244623858556
24.1571068751077
24.6198594552078
23.008306649612
22.1130333540275
21.9274509240708
21.836097646842
20.3326822354369
18.728929879367
18.5728938631286
18.5056283651747
18.133766414043
16.1318687850229
14.1154607556325
14.1229913763292
13.8492642743451
14.8415623972379
15.1593628868234
13.9047080976506
14.2108357046728
14.3045090834377
14.5174970777152
13.2743805274389
10.732796830382
9.19986829511741
8.69545369693394
10.06359706472
12.0453682793994
13.2038854302351
12.8047088700927
11.7522688283436
11.8339092735104
12.9388278315596
13.1845502115766
13.2884620492413
14.8815807419742
14.6336977361709
14.7836607383688
16.0548477912824
17.1835950221631
18.327733237946
17.8976244234264
17.1431169070277
15.7733479464552
17.4462087806461
20.1411348055128
20.1400267286575
17.9736625173835
14.6396383259948
12.2603718321306
12.2380666782053
13.852149506751
15.1014974612233
15.0840518154822
15.449078269738
18.1956129850085
21.0469721145247
21.6083647610135
20.7093474857111
20.6741008250167
20.2353302657631
20.3715386516942
20.4423477454818
20.8654545218146
21.7747262588818
25.2656085788473
27.7739868588641
26.6536248408094
25.4162557319169
25.7952396697988
25.6114579737753
26.0162961993356
26.9690874694439
26.9234371416597
27.8492788876386
28.2412945769747
27.9429271272767
28.7097386424204
29.4799441480589
30.2523369131028
29.051217437547
26.8963499435297
25.6515183582207
24.1419734625443
22.9885699539526
22.9463662396315
20.9913702879865
18.5262744366641
18.2198725531285
19.0270723373633
20.0715669000979
20.7361920755371
22.5865829325493
24.6572449911255
24.7766343252795
23.9757108212037
24.8116103780164
24.8590408384163
24.6376960515012
26.1006881224705
29.4123931518753
32.9422213354072
32.4728738956298
31.4269953628022
30.7900342579093
28.6076416166658
27.7102102612356
28.2185435473574
27.4771833071426
27.6163106185391
27.5043803026914
27.3563919902922
27.4820023260531
26.4543963067487
26.5182184012226
26.6396362134557
25.6458608545286
24.6703591886393
23.5475804792756
23.0694465011615
23.5037525045113
24.1356840199613
26.5366579390447
27.4656179674442
23.9065367339127
21.049273426554
21.7147589684446
21.2384329777998
20.2277358756151
20.4916908876852
20.7388525574658
17.8289070184002
14.694368284015
13.641802350615
12.7483148021883
12.18305795472
11.5915601254062
9.84523063411563
9.83837158701365
12.6735094717734
14.3884312151305
13.7778704280683
11.0573750653918
7.1052475953767
6.30965924571519
7.96002024125688
9.13252625513084
8.1426075919407
5.99983748881542
3.0006807400554
2.12359464417579
2.55930369853168
2.8413305553775
3.93086981986963
4.74559461495371
4.07732192763232
3.16834888680967
2.67531390392962
1.73177946417966
2.17454748291153
1.89255787604251
0.631310032758522
1.48324193826727
2.27307943352471
2.1139251585941
2.45215273441031
3.59857198044063
4.72894854191464
3.94723281580732
1.53198782061407
0.610340740239431
1.57171570602458
0.584365990153629
-0.637560625432594
-0.162804020036671
0.712155260101436
1.88185442802561
1.8941373358137
1.04549108405073
0.292249226271778
0.241016921313846
-1.17156676047767
-3.9065017012458
-4.81590639300678
-4.91749661493474
-6.6725339385905
-7.81902214305523
-7.30433489530197
-6.66465516726613
-7.3736138992142
-7.85112761526423
-8.25413910979177
-7.99378722878926
-6.17863194221555
-4.54620523072521
-4.03710726667409
-4.65618159578615
-5.61413022072494
-6.22309001474277
-5.16197077071919
-5.08608293297002
-5.01456433950004
-3.72390377696215
-4.39304780028729
-5.04375024753195
-5.67838054554493
-7.66030758842804
-7.78361423006674
-6.65256315559957
-6.18367511199158
-6.72574947418048
-5.62331423294305
-4.61551536147037
-4.17885572940373
-4.83250162790711
-4.90660410538184
-3.31723580337134
-0.93701704864315
0.40351665160262
-0.396779800615972
-1.38275601128171
-1.60929401382555
-3.51662686259031
-4.96426910559373
-3.67647932183197
-3.39378997042824
-3.04007817151783
-1.82781459556531
-2.28080025492684
-2.83450011439546
-1.37607851159241
-1.85165930510977
-2.07947961879113
-1.13727409198782
1.26121380565895
2.67071827869429
2.99463561165376
2.58035751876453
2.64697301693619
2.36836116676723
0.747432521607419
-0.914642883517015
-3.27170701235146
-5.17757395011624
-5.96706849621417
-5.07188103842562
-3.8017255756297
-3.36584473628821
-2.4822173663888
-2.44344840458331
-2.2152013229848
-1.53887378755869
-1.34530646187184
-2.9432282933584
-5.117967710107
-5.79370966516277
-6.8576562836723
-6.24731179389967
-4.31025601886402
-2.59580489197752
-3.67100603294456
-6.1865942247311
-4.85898365542604
-3.84098235159425
-3.61392379528706
-4.57407148948325
-5.58744698490216
-6.27240490889998
-6.60546379512308
-7.30869785131429
-8.01003182091592
-6.93725338654001
-7.75745695057425
-7.11040387480549
-6.05177071315071
-8.13598366588971
-8.43550823249296
-7.64145535662326
-7.31313611745783
-6.98458522251157
-8.21845538025154
-8.34033577661895
-6.57432195804734
-6.34081886348804
-5.93118033251396
-6.17038995016217
-7.45602649072964
-9.67955574969633
-10.5291713120426
-10.5698805485373
-10.9768731518339
-10.3915719655442
-9.49373646041351
-9.07027809430699
-8.75134302680366
-7.25290846702032
-5.55283668607017
-3.92605121556556
-2.59926069741103
-3.61457001297058
-5.02622226269725
-4.16159791269908
-3.56478790617401
-2.78686045204923
-2.11724864991345
-3.62962762186221
-4.19237984652344
-3.90942033353879
-3.23797434812963
-2.2902119222469
-1.53346819868683
-1.46969923315794
-0.805831575926742
-0.388253435983727
-0.00308653864929859
1.44067787744213
2.12258059576799
1.68765526036735
3.11723043717458
5.66900050058062
6.29587193991661
4.42870067723818
2.31353532712511
1.51506456907654
1.70354519845491
2.88120540603955
3.32792830026503
4.57055997672677
4.42526987343235
4.44093473891963
7.32531565390418
10.0488695054309
9.86590781780021
9.17069441009717
10.1245507477877
11.0456806978805
11.4259589531802
11.893981708429
11.4207621128953
10.9712136559826
12.3401330979288
11.20774367669
10.0683285315251
12.1544522845116
14.5301411129075
14.8189600560782
12.203505978067
7.69654657836752
5.13928640715764
4.77768064170842
5.35350817645663
6.20332361336382
6.11264526943156
5.98458167672477
6.54182431842693
7.96177225103906
8.50730641613359
9.25575526329666
8.8754119449339
9.3915395566571
10.285121324468
9.63218420564687
10.6506688702349
12.1255639655229
11.764172389507
10.7213828150692
9.30162469366759
8.2260136521596
7.76006517259745
8.90772052194141
9.1289055728005
8.3769754789506
9.14768983134292
9.15441728287675
7.49205622499933
7.86761611051501
9.74522492035108
10.6356679217181
11.2198212067008
13.3299490486137
13.6445002701534
9.88957267149869
7.06865277664325
7.84374226282792
9.47583733098137
8.7719621309232
8.00162175391045
7.98023065563864
10.0603764576615
11.5875574060623
12.2089531887802
10.2189270900324
8.96122794010542
10.7875330164751
11.0605898560759
11.2694975029915
11.9551244019025
12.6341178562675
15.4826782294579
17.3399093197617
17.6789722681507
18.752012204363
17.7827105076588
17.8087202263034
19.8358519671965
21.0921511550162
20.848343844145
20.0590163288075
20.5937451245581
21.4479837181112
20.6931762242558
19.7416360857484
18.1931810349241
17.7112121802022
17.7136034430775
17.5143052608827
17.7142452380581
19.5688878227775
22.2884499859647
24.2224843373654
26.2717548838159
27.1011024268993
26.5832202447879
27.9425257513623
29.1279906042809
28.7041861449955
27.3938509833682
26.2081376614326
25.7860368486878
26.4401014804916
27.1903941082963
26.6824023508745
27.4706649094969
28.47830750817
28.7846044321343
30.489961124815
31.0825921376118
32.3213333559809
33.8989652199374
33.2313950173087
32.9178294186324
34.5920694878731
36.8788490330825
38.2508562652067
36.8386585083345
34.9084539995178
35.0113003314309
35.8536811468419
35.9796467628169
35.9593799631707
35.3082760807709
35.8041955733946
37.6977050821391
40.7997042083557
42.2197930496821
42.2542102783416
41.302123596917
38.7038187891915
36.4795705152501
36.6529059775744
36.8348671077034
36.3987569235934
36.3074199212475
35.1623459811115
34.49030790461
35.164954984407
38.112383561665
40.3650162336768
41.6322188676585
41.1605064429721
40.2384697197548
38.7922514761951
37.2761199391843
38.5617484339713
40.2920586250339
40.6627437968035
39.9293086235032
41.4473513405666
42.4157329079824
42.0936590826151
40.4826866699025
38.762776759207
38.6193600322994
37.2146377986083
36.9293738644343
38.4184980446732
38.2578256935038
35.7371878873976
33.8805037194337
34.1516460474571
35.0288796457479
35.1030650196979
34.5588359015724
35.3008739573535
36.9029866087883
37.9076298238949
37.6023727924204
38.3597929011613
39.8831593599596
37.4531094554289
34.587940649708
37.2276009534413
39.3912224259324
37.9058383565839
37.6900098796286
38.8725036488012
39.227806504345
38.743511289805
39.148587773876
40.4123046648256
41.5283251806399
43.3691746425381
45.9509900854556
47.3764108606236
46.894985987159
48.0933863466448
48.5365663835663
46.57645057116
45.755560877497
46.275281022552
46.7136258666199
45.6138085451278
44.856833279418
45.9589537780546
46.4917391405934
46.2553627826987
46.8742085339142
47.5285309802893
47.658723449665
48.110079592778
49.0106050853537
49.4007303012779
49.8249452888749
49.3508005283414
48.6428093721114
50.2044856947407
52.4376054512315
54.1704753383002
56.5397819922235
58.7482766237431
58.7543459928775
59.9327414092793
61.8420753048555
64.3824202818201
66.1136925100141
65.1459149221225
64.9725573528976
66.9779049270277
67.3752317966808
65.2665061553804
62.5688980245672
61.5666380235225
61.0785727391748
60.8406170766467
61.3123435481241
62.5275922462273
65.0598301858378
66.962156378379
66.5868403336979
66.1061684117058
66.8694901101212
66.3376580627884
64.6392498287279
63.126772633994
63.3274762263385
64.2886615603828
64.5527090416509
65.3783129761817
68.6026292655176
71.4932703393437
72.2517637889618
72.1254125420666
74.1649938576587
74.7533412262083
74.8685251222217
77.1168614850706
78.0527073223347
77.2395981638226
76.2667664230758
75.6790693541496
76.2860129607461
78.4211310435422
79.5592676474539
81.3066350643498
82.6454444357886
83.8493942537205
86.1650865255457
87.5550493816321
88.4355852836424
88.1167178011583
87.2647162323777
86.7178999051605
86.4368502431165
86.5804332637806
86.9232870234147
85.9878940998163
86.0253873906469
87.1594219492866
87.3544388201704
89.1903683556572
90.2641811148033
87.8439172530038
88.8176406731227
90.5356755120422
90.4263037304681
91.3913601797527
92.3403002083148
93.8281759740135
95.4218274055968
95.9909786615776
96.0358080546734
95.2383062071758
96.1792863109501
98.2262451293377
99.7846294276882
99.0770755052462
97.1599958612713
96.5526769791966
96.4229170778291
96.4648814722648
96.3091783141388
96.8078888120291
96.7350154717806
96.6105917460956
97.7333581817518
97.6917109238581
96.1186505186109
96.9863427400709
98.1544326613756
97.5046143664786
96.7331579560571
96.3817226975286
95.8351222490162
95.4737597538778
95.1805803884913
95.6884929538273
98.0712526126439
99.9871640331114
101.706313159774
101.582880145569
100.663933576101
101.732453290693
102.862470738067
104.33685594834
104.64547122259
103.429634530829
103.836333814053
105.584396181912
107.401665629126
109.011064977015
108.267912355367
107.350551316174
107.901181502473
109.118114058936
109.303379609227
108.708309637541
108.291625137855
108.067683382961
107.607196954115
106.524122364408
104.113943338528
101.541835326132
99.8522253100839
98.733422422429
99.6388179472638
101.685485582815
101.971441928263
101.879226301329
103.086013514631
103.499027456837
105.02798075837
108.695053592151
110.17637619151
108.242960545001
107.311509045231
108.38864775201
109.099471098596
109.391712135521
109.627063326832
109.733281367942
110.363650123709
110.026777787328
108.482550756875
106.57559737124
105.238677650713
106.025133050798
106.532930948883
104.636544079835
103.610450445355
104.235701691251
105.508982490596
105.611461379627
105.21657918088
105.252305609591
104.796199766581
102.06168822131
101.589619697563
104.352101893195
106.013001024972
106.912665233822
107.571491701654
108.39697117159
108.929516808279
108.738126711504
109.000584755008
109.175748039155
107.77833916115
105.778993396315
105.057807288624
104.614447700797
102.34240748055
100.950451132029
100.894936475039
101.19574733288
103.107745662261
103.013528141964
99.2086984621952
96.2643664829124
95.2106708094561
93.3283925165179
93.1946022746548
95.7645371915361
96.6704600352636
97.4527100118606
97.6825909179283
99.4991434806661
100.900910614073
101.012130404228
103.735398883559
104.822775511528
102.805251813073
100.993274013952
100.583636653385
103.093061957449
104.881800397113
105.374141521524
104.934190413193
104.204540594276
104.983327324419
105.792878610731
106.479161728479
107.562977691703
107.260882869362
108.472123563202
110.182290069893
111.646527338159
113.923167832604
113.7417836103
114.101278023386
115.307191606455
116.743882466656
120.343279604978
121.408369210268
121.101992912321
121.684630413169
121.778136117468
121.967973238874
123.73576322742
125.402178956431
124.429757453202
123.500070098584
122.478373457322
120.385335468903
120.703329327719
121.213906275253
121.293340311234
122.776177045382
124.116762411237
123.618456759482
123.770601420153
123.725914675549
123.694439935345
125.873178414703
127.372293802375
127.493946360457
127.590377797507
129.427559495278
131.307908966414
129.346823899442
128.002734458005
127.619913045068
125.872557058196
125.569021706431
125.435603773897
123.563926289709
122.391908908967
122.072529340086
120.352375190058
118.021218304798
116.889455540204
117.152880525835
116.816825511055
116.110652106075
115.791110088699
113.366924552676
111.850018795344
111.137353054646
110.599519406116
108.904609313663
107.002740855791
107.711090388677
108.440229150754
108.259856678037
106.608508419188
105.855790710356
106.99740762746
108.108380873317
110.209039623345
111.880625866315
112.933441839301
114.693376268331
115.653772236304
114.988467410495
115.368056071159
114.249925893163
112.574030025584
112.152595378005
113.593324253647
115.042926971622
113.362120356344
112.389044974539
112.03601781987
112.280041889421
114.276330050909
114.723738218494
115.088944268025
116.776097467467
117.162237717935
117.543749735073
117.294870663442
117.06260253024
116.862188616488
116.650547977182
115.947279134841
115.684904266263
116.511498304876
114.518321393136
115.421526852035
118.220305163997
117.642568970835
117.640775858253
118.594739058744
118.707508145472
118.399038013841
116.574481034915
115.786220191393
115.636523631468
113.100970481915
110.66367271604
110.163116872863
112.097179654907
113.433587844753
114.091452762417
113.77389928047
112.599436699819
110.870982751237
109.411888511155
108.252925448808
106.649173312974
105.384075312599
103.769341085799
104.826889751753
105.081103956927
103.991343604542
103.983266048393
104.779339076277
104.893540658367
105.707559739761
107.14788935573
107.425829877235
108.572817132437
111.287631402426
113.406087661983
113.982557622653
114.396914960449
113.979125967863
113.000688560574
111.485282241578
108.786064663616
107.202827077685
109.879756353392
113.731300887108
116.504692398921
117.064175814642
116.840153503274
117.662717902205
118.024918447009
117.842166854524
119.67505088219
120.925269390507
120.671830655087
120.310985406892
121.945897772456
121.243606457877
117.527951083828
115.445931950418
114.619965852394
114.111412331467
113.809489022992
116.704478217461
119.913777248526
121.530837267015
123.318105683846
123.798204842268
123.049160024393
122.463545922301
123.664447012497
125.427190965353
124.342390870448
125.149061898565
126.723666303512
126.476116336249
125.771119886258
125.638198375452
126.653536237143
127.241940485899
128.018631445055
129.972101979736
133.210317987193
133.466631341301
132.876160218076
133.993426785509
132.785079035461
131.370320701855
131.007793128369
131.428184791146
132.582736454332
132.520589280865
134.438715190251
135.943776374666
136.176725461032
136.133764955155
132.072961170177
130.075051590921
129.816366894412
130.149483714568
130.441936772644
131.681687291743
132.619652018997
130.365950049589
130.138720374336
132.493724658074
133.57609169914
134.597391830869
136.29360420388
139.993043749129
141.607517200373
141.065392456922
140.060815791666
138.32611900352
137.464635132525
138.525998209598
137.197540792998
136.121079522023
136.267437637612
136.135081419541
136.508042933953
136.233090467034
135.634037993433
136.20102355854
137.400269041329
136.716735724276
135.801140752986
136.648851642857
136.037954168373
137.305661708786
139.396616284384
138.507779536049
137.764887799708
139.5119247318
142.420752872933
142.769556209127
142.740562122243
144.888426857825
145.237642294824
144.751743536632
145.885869640449
146.062819272649
146.523294403709
146.602179598559
147.146248706313
147.382911612696
145.308062563953
142.889673802935
140.98306719103
137.54184066843
136.044164370658
134.88884676699
134.286215623227
135.097596684175
135.223872707539
133.288881039643
130.88172521569
130.450827296561
130.531676495724
129.508962064169
129.905392404934
130.055118873375
128.137682832574
127.093748948024
128.140599108578
130.109204350447
129.4382150731
128.435436025778
127.180949755377
125.070329594169
125.081894008142
126.306540814461
127.657539404724
127.712455279391
128.16587935545
129.606695776151
129.807977901756
129.384292084171
129.430335287409
130.271222174827
130.639756612884
130.143038729418
130.931153629857
131.981259521768
131.279492432243
128.766769337324
126.683595461051
125.277736085358
125.325288558061
126.844045763492
127.036831615951
126.111130716594
126.9202068371
127.670241323099
127.797275001734
127.370544904934
125.97355120707
124.777826046835
125.138321888561
125.948410586044
126.662681643178
127.396150194208
126.220977687594
125.345864657494
125.366551402006
125.118253633925
123.867139132319
122.757088170531
122.573587156539
122.408314294344
123.334253445084
123.666956813204
123.603426167881
122.645421173294
120.335509488654
120.561938822105
120.861616056855
120.590821320823
121.137812162714
120.300857950693
120.492829140738
121.178381953024
120.274243703928
118.702441697754
117.119682640583
114.569778785932
111.915102425863
110.301661500237
110.399213444273
110.523234625496
110.285498395649
110.175410141211
110.746443229905
112.535440578459
112.480936550688
110.608639742798
110.533154133171
109.682270087278
107.835324593507
108.082442876267
108.714133506721
107.865581150243
107.49447114454
107.308620689181
107.211012872145
108.560164835509
107.843834200773
106.43915837572
106.653820039108
106.956166646111
105.950127712426
104.876905015544
104.511276206233
104.92602026991
106.088722704105
108.011316808038
109.793245811183
111.829898529914
114.296998025752
115.478538544957
114.797180051703
114.70745322769
114.703859608439
115.259200026974
115.770624239012
115.713200572014
114.811394503474
113.101167620558
114.037058473175
113.991943432189
113.158299338369
112.158015023058
111.357492241065
109.754945176488
110.207449782611
111.494049910763
112.891255131304
116.089094632474
116.133753789647
114.854088511714
115.711694042403
116.991872298636
118.02063803333
118.431737995996
118.860577130079
118.66973190004
119.617868898773
120.911881930144
120.581827886017
119.60793441968
119.653270360599
121.49555418377
121.873648162289
121.700243437664
123.714287314248
124.219161763603
122.421625241544
121.163754755816
122.044283697963
125.172861159739
128.529081868937
128.627416506609
126.570816587713
124.239152792828
124.690566191428
123.506242034067
120.83217422228
121.918392386899
122.622486447107
121.624743975407
122.219440404373
124.210923571695
123.985918327667
124.189503791754
124.181753155975
124.43821478671
125.269658787835
124.023084105468
122.727511258965
122.313101443166
121.645923298979
123.096972677146
123.562264240471
122.660669753555
124.690055488096
127.468667831513
129.575540869661
130.661812955556
130.404845445756
129.575461998644
130.701073202939
132.152725476826
133.099782086087
133.623888476641
133.927061447536
134.330451687506
134.694335406843
134.288895026578
135.373013138804
136.47021938477
136.448053115715
136.291429315445
136.222127505997
136.226596261274
135.075160124304
134.069140739157
135.014750710078
135.765658108117
136.979672361708
139.130248874657
140.861888638177
139.490049942982
137.681798872922
139.831035985153
140.509086179278
138.072446747596
137.150885666472
138.468641385987
138.767540913813
136.537049107495
135.437184490954
134.536416461632
133.771802906682
133.17458802476
131.806739152075
131.099288122186
132.010882358311
134.770517442478
136.196906122729
137.880373413115
140.754749076202
142.581250379168
143.257856905557
142.402637227845
141.947227013851
142.204633084965
142.507230597621
143.250941472632
142.910403139318
141.42748010841
140.325281851174
138.951058803275
137.996105800355
137.350025530637
137.746776293427
138.609833522556
138.894035744708
138.838734466387
140.737648340473
142.803599999729
142.59977368191
141.45103729374
141.60971606774
142.525103747703
142.678068437867
142.657889887359
144.623659461826
143.757821117937
141.681116569406
143.598386484646
145.822770931377
