x
-0.068897752813163
0.297348075416844
-0.409496047620642
-0.524474616539006
-0.279360064876231
0.348487972827911
0.422042827610443
-0.905441468752354
-0.255085515750914
0.264279304952128
0.62684176507625
1.62853708219239
-0.0622803512819984
0.315380281911398
-0.470713664082315
0.296921342665582
0.872386738695987
1.38163860803422
0.572553469545604
1.18205537741555
0.768893362361113
0.596241201770603
-0.11963076504644
0.217981054450462
-0.195230978322265
1.38546925001636
0.210405885738527
0.471406237767273
0.496296363729475
-1.09034730079808
0.843684517014095
0.898503269137538
-1.74582802108406
-0.163707923163665
1.27824966918133
0.508406578075811
-1.01926857855669
-1.07318642693674
-0.196506923123971
-0.00412150224688937
-0.327482449286257
-0.564407027686143
0.365841739396459
0.377273780340226
0.0772289014820895
-0.553765640904618
0.449528886595097
-0.21068110065031
-0.145496553295386
-0.690220291062435
-0.542748478647002
0.205199035705574
0.449598865242963
-0.055663786017925
-0.22309830155632
0.0633632469854136
0.29371336252253
1.24052505583124
-0.104715029840268
-0.246006845675503
0.518283889085756
0.716766232790542
-0.0398920565267043
-1.08656958278644
0.106682392121291
0.163362035651799
-0.28649816856071
-0.0691184208607971
1.04599969363436
0.668547466118998
0.574981170522465
-0.718013957051019
-0.200320420806407
-0.142616378957821
0.424908024958621
0.226700475604703
0.544662783795602
0.483758928442508
-0.402251299587023
-0.0826767540513678
0.941661923103178
0.122679181656194
-0.606458931798298
0.236187271654191
-0.267673570303946
-0.00435848544285222
-1.42578838920996
0.309002942141626
0.469311809427483
-0.382332674820102
0.0161177815851264
0.392190021536922
0.22027304205459
0.698731173395028
-0.408192274505086
-0.0688064014632517
-1.19725060566189
-0.651479395363063
1.44463096217534
0.183803921986284
-0.270841755852896
-0.684237889524174
0.367091704687432
0.17666459084588
-0.0842041541453373
0.0109893373843358
0.249324770029751
0.417349384681521
-0.770476356606544
-0.14951086961856
1.51091175877672
0.46176953675154
-0.955109881161262
-1.63086808231408
-1.61960867005604
-0.0437790937900346
0.282637735893291
-0.157769057394962
0.394897629874705
1.69277277977013
0.569369558146368
0.716887554716756
-0.239271331720899
-1.31516050602571
-1.36402819840029
-0.168198416246038
0.473198225841994
-1.52914882216185
-1.03671496375714
1.30064676157948
0.509402307870582
-0.0807146409541794
-0.676659369502787
-1.77017163528301
-0.751986165888107
0.358566234052377
0.888311225718091
0.873029426383707
-0.00821947613882024
-0.438413795288852
0.655502816132695
1.13220903321129
0.54662984080057
-0.607835845038186
-0.283623872420176
0.319902472778831
-0.78842215779286
-0.456410569355242
-0.408167938116439
-0.0663920696773245
-0.167520412369216
-0.198910554604064
0.585526924643335
-0.764237189028479
-0.0385365860131119
-0.112511326688465
-0.32482123118389
0.787524969611494
-0.403256987790585
0.21295511121638
-0.720480712160409
-0.164841068914286
-0.34719914848469
-0.120658010518273
0.763684035676815
1.54304123218764
0.783965029531324
-0.776757939588928
-1.05570273177175
-0.206683548084602
0.404986514499178
-0.4711778871044
-0.419119194479
0.185935454817028
0.733324392713223
-0.707457825253024
-0.243987811122073
-0.616317485036981
-0.142089116992602
-0.00774689204697472
-0.218048545628034
-0.507586471862048
0.247866468529532
-0.424743972383349
0.186784368406983
0.0449300109603573
-0.170186826340543
0.436023893061266
0.455943646518035
0.389484524043545
-0.290077814889607
0.0402832810292611
0.386579479952375
1.06592216612228
-0.22053177706962
0.506692478551225
-0.0418182193546437
-0.0166538765327448
0.0217954168187805
0.819679928018927
0.565153503576408
-1.08866363947086
-0.339589650373584
-0.420971638109064
0.143246442819051
-0.27749357247004
-0.51098964063099
-0.186352961214615
-0.132976167708456
1.52024819578885
0.267325755254471
-0.299382854918094
0.37968805520278
0.131324186447131
0.531893647274564
-1.02102148331131
0.0237002777644044
0.38134490912331
0.796416651575137
-0.330824168418661
0.280028167378489
0.453112315490154
-0.230732515165093
0.200265824820757
-0.0663215732365021
0.605663642523091
0.257932015677131
-0.0479392950413257
0.318801608401306
0.0948804959033885
0.491024143692194
1.45990863268628
0.593733505461712
-0.130041029981114
-0.385812815529872
0.129655397990622
-0.848197921293494
0.853220180526309
-0.950241503050479
-1.15750027871519
1.06420734175164
0.200856124206323
-0.790466144185621
-0.873084989950075
0.643666403947243
1.12024867069993
-0.179131285098975
0.389259511871766
1.27385804800536
-0.148261867628067
-0.316482137268876
0.400015115334958
0.586197140339466
0.228026762125591
0.639613745148592
1.09580703564366
1.16246178605096
0.409149752603385
-0.907880791063734
-0.0693627920071234
-0.525089742257677
-0.24474375536128
0.416182658843531
0.826611223971811
-0.287008759181096
-0.978847620669456
-0.683782128433725
-0.517690470821464
-1.06435098427747
-0.680169985597127
-0.0447353118422733
-1.09624812651141
-0.693925672430659
-0.0818483096559748
-0.0246423385333618
0.107229475842139
0.350382982776929
-0.142470646209065
-0.485455221855344
0.262033449181614
0.38979715457555
0.131828341545995
0.1991237812185
1.14230207229003
0.421346331813704
-0.246611367908137
-0.963822250297239
-0.850567163728983
-0.156604643972356
0.273761370677019
0.950274117577072
-0.411116840877415
0.555128891962871
-1.48890406391765
-0.418965310307153
0.155573359023938
0.181405607318338
-0.0682047739595565
-0.251919429631642
1.10497394084174
0.33673535448205
0.212075027870667
-0.152159436574219
-0.259726527376361
0.380320521435497
-0.408295037623515
1.21330017788184
-0.134604538576909
0.244241379046216
0.402653922452833
0.792471127856856
-1.40841060594496
-0.97103861812126
-0.408171165173491
-0.0994864844534514
-1.78153683568323
-1.25145438872572
-1.00077436898486
-0.859924965736993
0.790462240205116
0.698561192280505
0.480370775164453
0.576857211209119
-0.185446320487201
-0.172650070381175
-0.449014784046374
-0.447614691585051
0.476497913360384
0.064099964699244
0.0769335908823972
-0.590449693711132
0.4470810029512
-0.466853705829832
-0.565634115719537
0.527822242099507
1.53522860936958
0.106547924685898
-0.38956740062475
0.871148458065439
1.33212667131454
0.615408996849131
0.605086425994008
-0.830365968012821
-1.15795802173389
0.527792978556589
1.09385275867903
-0.53428468742312
0.585946873339218
0.28064185226698
0.600486046348718
0.63300359390967
0.12323090915585
0.229489171367102
-0.647677268415945
0.501382936453438
0.308700241659991
0.6536326575925
0.137019983268248
-1.10282006995207
-0.90727493546561
-0.618262858727224
0.216991111111335
-0.111145347550184
-1.19230196841292
-0.978595555814434
-0.172553164842659
0.497916913341775
0.329750902874885
-1.2265444730871
0.708755125245368
0.835423071086712
0.567049774854013
-1.0560183886422
-0.118233262629979
1.14252810993246
-0.21026247988223
-1.16900233742205
0.745943767947054
0.0598905889913616
-0.55194651603383
-0.356238979597636
0.4040735422592
-0.298072099797803
-0.889698502078414
0.0893312922845256
-0.181364760534997
-0.764133394826946
0.170765744460406
-0.0875484599159581
-0.349447169951708
-0.76313563572716
0.0515000613014192
0.734856878464476
0.422938062937649
-0.241797611456331
-0.745102010113153
0.0616246373120762
1.40468948502295
-0.823004580611317
0.328540156214699
-0.53284052738298
-0.761471726274906
-0.595292811999386
0.240861946171692
0.597592016668099
-1.33988061346559
-0.53298741915115
0.793998478364238
0.34276366228396
0.210774881059114
0.15116555069948
-0.409039824785546
0.16911254991576
0.528066205577023
0.570652032315328
0.111709823305537
0.595420849560581
0.696699070394796
0.517539343005851
0.254912622627722
0.450094296145071
0.927956612541689
0.199081403144013
-1.35416263400328
-0.636981144590918
0.192857592962262
-0.853709259347969
0.0353955593922964
0.599068403423083
-0.936303776967366
-0.0606034068115319
0.953443600386604
0.472487970975405
-0.237047328815116
-0.699597560991401
0.124458663313214
0.128820893327458
1.00136084294737
0.661554221010127
-1.17689442185499
-0.0168296401429671
0.110705318013265
-0.640117072769587
-0.973896577834642
0.182308996742687
0.510547422376945
0.80753692491477
-0.866477826503441
0.0329361204754217
0.502910033542456
-1.07184493839279
0.0335510255672662
-1.734077644349
-0.280453688981712
0.742866460022829
0.0385363138813652
-0.223302778023229
0.476396663122791
0.589406058286484
0.535806540496525
0.0477907363808582
0.0737238685151457
0.35211530192176
-0.256269125118464
0.612145836140472
0.34762285055132
0.0674704336005914
0.430607397103129
-0.182335481214073
-0.23885197510437
0.0593698016406446
0.0849688270271657
1.16276073340419
-0.561027269571422
0.105452691546382
0.467914173706584
-0.885681936166061
-1.25779672546995
0.0302454689014205
-0.455559199127628
0.17153895139586
0.560061355255356
1.0396110902138
0.0769149877460565
-0.294964815788481
0.00715127058147264
-0.208046569467495
0.2988067666275
0.130201524291032
-1.40905638310151
-0.885224890698249
0.285273962274516
-0.282367624986974
-0.166907432680653
0.0063578642400626
0.168836725449498
0.525662815531717
0.228070242419808
1.04820124456562
0.0423322881037723
-0.885651432593859
-0.100621029820162
-0.503140136912697
-0.711924703386711
-0.197732009072416
1.13201311934148
1.17138887679004
0.256992867494206
-0.457046136426352
-0.160927553004792
0.5090510569888
-0.510929678035438
-0.360313468689638
-0.0331894231912133
-0.645335383815938
-1.5594843533289
-0.752366757003486
0.155529545155885
1.59259556278237
1.06325015875011
-0.910096569693664
-0.532423603175591
-0.0814109813700068
-1.15117742459064
0.0854144470148367
0.0601657628498791
0.0437891439243438
0.54695117640293
0.757511556950524
-0.67103609898492
0.328638157793321
-0.0976954271721428
-0.878886835343292
-0.659545260339334
1.35979190172327
0.450370636945265
-1.24378702528773
0.364997040091688
1.95577486049806
-0.427677886645749
1.15179180089082
1.05467482276287
0.217107859990891
1.1266895446175
0.0181164605363824
-0.0555869469134728
0.229965528096619
0.310969924667791
-0.51972846644772
-1.65600554593234
-0.551049663889192
0.543801229752818
-0.313672172941475
-0.433071621690256
-1.20131095814379
0.0881326866403229
-0.560497354399889
0.0993774358602082
0.191316679367355
0.142803855421572
0.387979019268855
-0.643862286670649
-0.205138245703167
-0.469518804454042
-0.0111730704201857
0.12808517886464
-0.154388980390076
-1.21779791399497
-0.559246354368239
-0.571173905188649
0.574154077334168
0.455990888828298
-0.160051619041552
0.430897440360823
-0.401861004677977
-0.395319447907684
0.457347230972986
0.353434592162387
0.815148195974187
-1.23916756686721
-0.56192207637364
-0.0492717268098502
-0.900069576224551
-0.913964670110871
-0.852851481114993
0.517192908503284
0.130141635984846
-0.618140911648475
-0.697133669742934
-0.61449695315781
-0.314013639314326
-0.414928536048496
-0.694610629353596
-0.858573657860129
-0.262841525874614
0.548262882931935
0.36792945870027
1.20275738694779
0.122330539523598
-0.351855351994725
-0.510774581632462
-1.3365173213199
0.28271710234448
1.21111744136342
0.161625412405368
-0.239252258378413
1.16041310069563
0.362622706763971
0.199346321333431
0.687887617297897
0.431798646907198
0.300861186010529
-0.35479843994859
-0.633951091769347
0.0270750222247731
-0.0798383480244958
-0.948220346248076
-0.713779488146911
-0.576585817083518
0.616747407137271
0.45871606007478
0.0358085332042591
-0.0606740648703676
-0.375372322571066
0.771415046078699
0.719349520707103
-0.760878272404394
-0.819005039089924
-0.405755315469216
-0.000700738774866358
-0.101235452509545
0.418110836577719
0.683991837227902
0.583467110105538
1.50559288035886
0.450280533518292
0.392357873018343
0.312859810206756
-0.330642604875914
-0.511764200208427
0.26970789206992
0.202191876573246
0.143937617020537
-0.601914170402188
-0.0315813015293347
0.409841751166314
1.02805272490192
0.351567612860769
0.178901828913305
-0.0990997793102115
-0.231609941417107
1.54652573900505
-0.597121273693251
-0.112894767009247
-0.033838923911432
0.262091114792072
1.37447700453101
-0.22774029655656
0.860484148306043
0.684525579450848
0.627915426304521
-0.0615602706208335
-0.836964862817417
0.445659865132161
0.424966397161352
-0.0727651180220869
0.118293218193345
0.46544448873322
-0.753546901287673
-1.2132526213709
0.138540608087354
-0.382186093113526
0.37763325506262
0.722188560665841
0.498273190164252
0.144368658650051
1.25488013286278
0.41207497795154
0.189140771222327
0.677630177511938
0.483299996975453
0.0563362780396274
0.27930701407696
0.481575946120362
0.481323567633304
-0.174404811617987
-0.0598588333288547
-0.249302846658424
-0.0179882321152262
-0.520480829335965
0.578055231607164
-0.106829254233032
0.310496309098974
-0.340135514896701
-0.249060704953111
-0.644025268928263
-0.450418303477123
-0.390173500906723
-1.16932184844359
-0.389437759597566
-0.773365643675962
0.55233101833012
0.235817779815404
0.691383430087711
0.304124090723858
-0.69702098073082
-0.12384142216635
-0.14515504165254
-0.300491960613428
-0.604264316386385
0.615321382733485
1.04640499771949
-0.623248682779396
0.349106666920521
0.134073862857124
0.651076781783251
-0.288627194409015
-0.253783947206973
-1.45472540909028
0.444904226531007
0.754663211653907
0.160234682793283
0.391085104370566
-0.861195632590898
-0.62112277168793
-0.432032843161983
1.18602401713242
0.696826777646549
-0.36618748613084
-0.904533605417483
-0.810972679461667
0.316068089155635
-0.284506917203614
-1.40986889260061
-0.481087490903887
1.47087786155718
0.933158637886178
-0.10026691747255
0.923804513489839
0.0519253871132096
0.00698047099310665
0.554454539115276
-0.154361458731392
-0.863866602728287
-0.530044848426009
0.214136016620388
1.63325940122217
1.60461053291255
-0.101935005947133
0.204407685217525
0.161638463644563
0.791568904518972
0.701993549955708
-0.172155224591769
-0.532498370552381
-0.0131093547686491
-0.789936552012239
0.0036788709984682
-0.584953393344095
0.900080460957419
-0.0411387588588001
0.261838914113012
-0.458291018683797
-0.42714406656724
0.359013619164711
-0.460876957942323
0.22383747985658
-0.307090173723311
-0.47316699501396
0.0563090128530749
0.521947176859541
0.0231879148398838
-0.241788366025907
-0.0649369254223969
-0.282682584426776
0.256710777190843
0.63151308925713
1.08179745884871
0.21538309134686
-0.162774849698908
1.15071118885561
0.302431087759453
-1.40273093991933
-0.365664179475876
-0.00697763312663773
-0.535516868134836
0.0749146974769777
1.52740026324827
0.643140914134194
-0.475252510147256
-0.571724735052068
-0.256862882659784
-0.591764463546298
-0.829568032072284
-0.906258656638067
0.629554012349878
1.36009165383407
0.646769639140619
-0.861057122613162
-0.278101889942279
0.512316410466929
0.759734605652044
-0.169163362823342
-1.54229976699044
-0.700456380905955
0.363024170866977
-0.125979866805973
-0.804862206822203
0.0318935014206424
0.239759674651918
-0.089138863420946
0.0512786952218434
0.612061943228079
1.36661679989052
0.252154184109818
-0.385197733365636
0.704589374869673
-0.567174739341219
-1.36576138173773
0.237899826595487
-0.640441472023294
-1.03205339285694
-0.484199621534078
-0.820763842826845
-0.458281162835297
-0.749814352956079
-0.555668643136768
-0.0198356116426471
-0.629069302196348
0.252901728072603
-0.966174710167845
-0.758198076042538
0.5075605801668
-0.0126195750519462
0.619101697439771
-0.829300205657042
-0.225801604134549
-0.402844475100545
0.406105078490831
-0.877502716223953
0.896533456830052
0.79025888416161
0.102250230072597
1.70276708302065
0.314237807015807
0.234212419513193
-0.616420143684279
-0.530917837331722
-0.781435027113175
-1.4048137577999
-1.13042264653721
0.239971823150887
0.303206804251473
-0.413835966035141
-1.84942594217555
-0.802975883745567
1.68492031707647
-0.0511881608797979
-0.368873532292161
0.196098281717742
-0.472676078448679
-0.448851737258949
1.10569776579836
0.267694003878703
-1.21820972661714
-0.791785090792972
0.0411145646623812
0.0660882598538446
0.00188946306297695
0.792992701360882
-0.522793362916112
-0.142871808277779
0.526102031787045
0.395829280999293
0.17773140333757
-0.0415343926758149
-1.10564125662514
-0.0507758068047408
-0.140293921403066
-0.407353967644383
-0.362047754393059
-0.17292531950376
-0.118890210256778
-0.0855898948171684
0.372684730532922
-1.39778244100588
-0.675645979750608
0.21647400524763
0.0502099539287557
0.139575659498518
0.251359680857321
0.153226824075357
-0.802910842310303
1.03832154856028
-0.487660236586663
0.298868347707373
0.322975285428702
1.34615972226302
0.358412971558279
-0.0642164146253889
0.358958351397388
-0.681697761830084
0.460501018126684
1.65951754693214
0.81260034251794
0.593707089314392
-0.347025417616752
0.444853893138388
1.21088698649572
0.816493686552333
0.276209553295639
0.590649976771488
1.02026301830019
0.080129110211262
-0.387044989689553
-1.25953743815258
-1.17690382339561
-0.381823985703906
-0.763307531004004
0.209104362620935
-0.581791390758174
-0.331441629808277
-0.718003134166896
-0.825033093564151
1.14029928614103
0.101712337568408
-0.356135191060352
-0.803259037740893
0.193785938644997
1.00479341499773
0.242164741503141
0.254427070120531
-0.409331421999875
0.536056189869494
-0.375818083050662
-0.282718356280978
0.112896458278608
1.63570297668808
-0.310066171217712
-0.496182673173093
0.887676842867846
0.585810235004617
0.0273086979851866
-1.34617835622889
-0.0280034337504285
-0.3740325212843
1.58089935102715
-0.291793087071418
-0.31044240937517
-0.460017170805025
-0.281274513285298
0.0944119376170976
-0.116267332889667
-0.103532547383065
0.365801429994423
0.697923278522914
0.308328020232125
0.278692365486806
-0.107158827249472
-0.386443522059767
0.0771191151043005
0.506510946342222
-1.09859598271791
0.322506627845407
-0.013165112313585
0.600743608073042
0.555265254714769
-0.0763069905842887
-0.348246391044498
-0.327933670904568
0.385885718769486
-0.800449882818422
-0.18984319539165
-0.195223868386958
0.405512397337606
-0.414066126522615
0.0917934062027481
-1.98335101163764
-1.22460311952737
0.281705700547029
-0.126090748007237
0.160611563239091
1.01837785464474
-0.492644587407266
-0.918035183420225
-1.13496185505208
-0.264660840374004
1.70303180546228
0.156838551038357
-1.04752424592975
-0.700368877835289
0.715243382303899
-0.160797011568942
-0.813792708349685
0.0965874857257754
0.195404346655989
-0.531576282855828
0.0736369120742701
-0.835640539040161
-0.238550378683336
