x
0.0895073258970959
-1.53667289324351
2.7373611886184
-1.47284997902235
0.523282003297417
0.341047764138546
0.760870514471781
0.211364311132898
0.67773087679472
-0.986606626676689
1.21700089624427
0.106401058982877
0.591124618469171
0.658514771318735
-0.405808637764276
0.549204029286853
-0.81271362248148
2.83830908414606
-0.435136677733908
0.428801347848174
1.97851183394946
0.339612832060729
1.36202125901881
-0.804179827750867
0.22431691891201
1.40040253383672
0.310221720725224
-0.85701813365728
-0.158045680356027
0.972751338285203
-0.331037579752287
1.28793592307853
-0.492404643392612
-0.446720169054126
0.644644233833313
0.538475309674575
-1.49057575303455
0.380317616724702
-1.72430472343736
-1.42154858364612
-0.427698232342683
0.164403329404177
0.210844918841127
0.93243631123987
-1.22293884108973
0.640318413468156
-1.16628240713483
1.21839986230932
-1.2101851980516
-0.611214791460468
0.0944694848913982
-1.00633059411866
-0.154879803935351
-0.50423622551178
-0.174959961376731
0.579263275646833
-0.137250935673368
-0.429966249027531
-0.437209783921041
-1.1378736448876
0.28585391017914
0.270007379925352
-0.387459253663097
1.3860586181066
0.743988902840821
0.331951080520872
0.188473275969616
1.07840798254434
1.55823132014583
-1.11326861599123
0.193658845629036
-1.05760344879326
1.19361418738449
-0.346629305558859
0.384144167203005
-0.53599854200772
1.09514096260268
-1.24465613342391
1.89448150262342
-1.02152751358459
-0.461450485515001
-0.932138868768364
0.295794056214158
-1.33293572690196
-0.53107117858408
-1.23537162331729
0.530359826388628
-0.0293169126201226
-0.525010529530154
0.409891527988261
0.425286838255178
0.479275416669853
-0.753780630185065
1.81765077254396
1.51109208139239
-0.873851343753307
-0.0721375519151945
-1.70951513883723
-1.03233020840605
0.399255314375412
-1.01814880534572
-0.300531397254237
-0.454366213779307
-0.766339625331851
0.837689067603854
0.507163348807715
0.748065300782925
-1.05786831284039
0.969156952519741
1.04423557650211
-0.815383957088117
1.4932241907301
0.547097919557601
2.0141444376167
0.0608183890048731
-0.159137586287237
1.83080337909943
-0.973852561800876
-0.189596607561333
-0.259294478271813
-0.37020356165133
-0.23971504845991
-0.198435259871687
-0.0862788441836528
0.258749508065924
-0.741264309770294
-0.0468747926300105
0.704086115127467
-1.00569318729096
0.105046201685559
0.180704036783582
1.05178180960539
-1.54122284847649
0.531474223366853
-0.363300623270527
0.269401886481805
-1.02382867561115
-0.625229411701895
1.43462735099838
-1.72458437028707
0.740453224306727
0.20782917193765
0.517339270645838
0.295096390157342
0.262768957218568
0.592423354667167
0.914956910584656
-1.22548662696544
1.21815169408901
0.111429026480109
-0.215247115887999
0.526223715741878
-0.122498402364607
1.29322602863145
0.275927699814178
-0.868357226932674
3.39752787106642
0.370231138865618
2.5762949946639
0.223364337027763
1.49416708772237
1.07395867914913
-0.433707726712017
1.31202257836333
0.641825285763738
0.243488939058334
-1.07402120179942
0.862217479063622
-1.16577567581286
0.369860568243193
-0.449553520040273
0.76840630706914
-0.0744981511273721
0.560826524958802
-0.21534256679624
1.26213757412511
0.0873995131007141
-0.0277207292172416
0.56415552415452
0.625121056720172
0.936300448294595
-0.421764426942635
-0.827821166847373
0.724999100878015
-1.51768774622451
0.137334128360047
-1.68091633310907
0.201228283652493
0.685575435596025
-1.83706412020066
0.429912080862328
0.656441952748625
-1.13021682678011
0.924831305365847
-0.218273753183478
-1.13102075582694
0.330985373351837
-1.49171642867479
0.556386794661872
-0.175108167091126
0.969251712790498
-1.42715482679062
0.11721971612076
0.370973781790764
-2.65870779720599
3.06268749053338
-0.555473438709211
-0.886297203101636
0.45914108992546
-1.10739466989714
1.88008182203422
-0.913896780003544
0.785058940568427
-0.388490754100878
0.260372961092442
0.697922043139828
0.297920081077647
-0.805354006039262
-0.230787413531143
0.100262936936611
-0.0231833806266029
-0.771520372058728
-1.15798975266354
0.371077059886469
0.355414571698952
-0.211149996117111
1.02766952575167
-1.65601817195048
1.81885147820478
-0.557382957654825
0.362163309086448
-0.475362985280721
0.0252297043640058
-0.0576129179336786
0.0651237316573794
-0.776339831568671
2.72902620038477
-1.53049078990352
0.480598706152798
0.582152990343981
-0.471959519115909
0.781491896566987
-1.21805439090296
0.145581184645587
-1.25740676509887
0.153404241349643
0.110257095725733
-0.314386092658601
0.945474570159887
-1.29101610535327
0.560416651709462
-1.23859100045665
-0.914823385858829
-0.0556030287156066
-1.79545804707223
-0.203884635820458
0.675596284377662
-0.491212774274443
-2.00315872021709
-0.0402926648152185
1.68445118521147
1.55711182236221
-0.311522687988864
1.15948479334858
1.05084740227811
0.506227736805526
0.380871262385366
1.49905667093421
-1.4277881518264
2.57986548820898
-1.58402794469374
1.03292452932554
0.273602021497612
-1.56861150001496
0.868132809840478
-0.216060095442262
-0.973816111737938
-1.30425658253795
-0.152039194108726
-0.485861487355557
0.271463281979461
-0.533524845994592
0.3705150218924
-0.543189560800615
1.09691750950067
0.0492313646969183
0.33779261971176
1.07566381126249
-1.05955843622876
-0.301220101429094
0.602283089441726
-1.4077975716483
0.539846647726946
-1.07841484744904
0.282708138593413
0.119678692643067
-1.42210303191092
0.547528802614068
0.49382279603376
-0.346755075976811
0.646420299711356
-1.38104759463191
0.863355306794561
-1.16400086799875
1.18677772062295
-0.723366214859035
1.10438066353625
-0.202020284255071
0.790656267349126
-0.375035103946684
0.643270779002543
-0.704552925416881
1.00451927194934
-0.539010816180311
0.24216641964424
-0.124571088589382
0.278731872456742
0.363444826894436
-0.264402801789886
1.53286020701286
0.625708906100458
-0.097041553427715
-1.60690196427561
0.494204201158756
0.0747240608320069
0.956480267449263
-0.341430114997651
0.352950428460652
0.172934317924058
0.753365826341084
0.700556560419457
0.765132600638011
-0.161629286023254
2.4687312961806
-1.05456444067613
1.35833638838017
1.11586131684093
1.48518761968046
-0.231054380438485
2.59836558796942
0.249530368489782
0.628178516292051
-0.262507128054199
-1.13555296209845
-0.635638310207505
1.61467937178525
-1.14261201657281
-1.1118530751452
0.583389291915302
-2.32057036922687
0.924176254344771
-1.07013702289358
-2.21712374017556
-0.845684015931847
-0.736560448038872
-0.15082662759498
-0.011398404331591
-0.0232670327366854
0.367614192448732
1.13736301308106
-0.771007695100053
2.16941821256644
-2.28679367602157
-0.0943558813442603
2.04046223400308
-1.0805636934093
0.881550030906312
-0.592010194497462
-0.943731608519836
-0.540294042096578
-0.804489663632034
1.33399967223614
0.608187698922957
0.385779605763974
0.881613823719604
0.0129250421765709
2.02765270802176
-0.36787077942991
0.775904103450559
0.640916073276843
-0.737531442182083
1.5255879340245
-0.54497633250313
-0.265309431905086
-1.04133336870022
0.986498116738739
0.927729347688848
-1.45525389852223
-1.55457321498383
0.178039241407413
-0.400606966809046
0.550370403338661
-0.585114097332744
1.9847635121189
-1.69896681510664
-0.88098580839154
-0.362525563716291
1.23894628917945
-0.406696004156732
-0.723981731695856
-0.21828660101058
0.481974125923746
-0.901933414688458
1.17133378164468
-0.048014496445164
-0.611804677621197
0.672058261700101
0.382302013037345
-0.751629470291257
0.236958525773479
-0.347667678834569
0.907790225389289
0.282150800555248
-1.0208393786744
-0.924529928670263
0.194985810483364
-0.470365679327009
0.385195280937713
-0.132003080092278
0.117306861734811
-0.763820500894281
-1.19199770046633
0.530393364481775
-0.95935703369854
-0.188103359343688
-1.45870807833699
-0.0510057725589098
-2.00181514283849
0.420078509726012
-2.06705945988974
0.377542018198149
-2.10622695445441
-1.13604879165077
-0.40802522114689
0.0451427616035367
-1.47660167557192
0.318225091469359
-1.44147628489351
0.270874674259922
-1.44614724620519
-0.115196895066474
0.907144855398985
0.116903421348312
-0.211747092432298
-0.0935058605066946
-0.900547574312415
0.874608124599968
-1.50724177747982
-0.753158257494578
0.0458170878374781
-0.476349013974606
-0.188532027603496
1.00360310207203
-1.13662195272471
0.768758619419235
-0.000693534135265355
1.31934734333569
-2.12509839418231
0.398892032410881
-0.233178356177736
-0.13913651709167
-0.353327231908849
0.0950728637214804
0.67946747070947
0.258056467535356
-2.86974021800351
-0.251729080166639
0.156043665335774
-1.98933288305743
-0.816843359665742
0.81016162216608
-1.44462823492019
2.40167465438343
-1.89644248098968
-1.2881328189841
1.52510084984857
0.807845720622931
-1.61645756629025
0.407598866333536
0.756860541910055
-0.151570729990318
-0.424133786186237
1.60326636939466
-1.56542361486074
-1.27802279261483
1.48735561539776
-1.00923158044926
-0.173564538777776
-0.433509706044681
-2.28301170972448
1.70810972562749
-1.45036259774116
-0.506469814069438
1.825945712325
-1.83819634280949
1.72613999146928
-1.1641348099554
0.486913207351565
-1.10648190077806
0.00755554498740894
-1.58503738966969
-0.729668127842932
2.10384896039135
-0.660983317093887
0.855981569788597
-1.36046403375087
0.728119685199317
-1.31331764718785
2.25155631686263
-1.91092665417148
0.693525884141531
-0.928838838157858
0.255137269830335
-0.573448087163433
-0.121000717805617
0.598981236898246
-1.58633397753818
1.86134680988442
0.268635233044688
0.0265707281243377
-1.34463361052218
0.104749808744763
-0.830425276119387
-1.82848096515438
1.44206495042611
-0.57355472538503
-0.843155452468688
0.931052685714054
-0.569065374858484
-1.1720413937314
0.539881896077344
-0.785846074918954
0.669044662659202
-1.20579795084383
-0.682447869127373
0.0992691704264703
1.45733911865108
-1.59478905893172
-0.209315749023431
1.10138958112554
-0.729347629880598
-0.0393931915525517
-0.769508822493411
-0.23664956607727
-1.53766469161072
-0.85829806008539
-0.226486109804291
-0.706146240707199
-0.540390384525825
0.605375958110903
0.151774328900286
2.33510505472514
1.11906664854741
-0.0555602357872435
1.07766770939451
-1.12185520367991
-0.553449226177523
-0.405740462250975
-1.68211081224603
-2.54323999542391
2.30506890544222
-0.882187213141232
1.31600716632352
-0.584876138341195
0.816132755841442
0.94033885707795
-0.0999641062652611
0.812921264587122
-0.277040108637913
-1.30181169469229
0.568484008367121
0.168638676265088
-0.918567681290617
-0.377701463074731
-0.109980107303155
1.14551322522253
-0.743596291042629
0.0540425199148306
-0.807093667374763
-1.42471948545061
-1.19705585312928
0.437809289592821
-0.832262947990266
0.304603980543058
-0.134339392516642
1.30691670825038
0.374462480633673
0.273569564059642
1.32600306728288
0.602205364714588
-0.465824680721839
0.731946965825552
-0.810690624942424
-0.0719577707944768
0.851953720697816
-0.791400593885115
0.0607910401479138
-1.08422426313708
0.748457353708449
0.0272555061054876
-0.942277631988556
-0.323001973319058
0.463795649349773
-0.117006612989485
-0.00960258290423588
0.251410124030885
1.72727898631174
0.0444050526369551
-1.64323864617456
-0.148497051108853
-0.941590114087701
-0.131354208297283
-2.6422473907285
0.566385253351314
1.67207750280341
-0.60557603459878
0.448897574543496
-1.96824803503383
1.6715259745128
-2.53377475446367
2.05230635974258
-0.599777921476914
0.525540688540174
0.733811923254281
-1.31067047743969
2.19758535579848
0.421196722830521
-0.749854125001693
-1.79118459615216
-1.18283784700434
0.0482205962675862
-1.06492077732714
0.0272500066046323
-0.636194795012073
-1.16037172745709
0.597095221721092
-2.69076692042103
0.60256855342049
0.745308572872371
-1.81772686386644
0.273875790935443
1.10473452440164
1.76282877762542
-0.728858445373131
-1.68185983849077
2.38552169625306
-0.0431828022521693
-1.16624699765178
-1.32899739747044
1.59168999821129
-0.833522044753798
-0.32543520538813
1.05694267412932
-0.513136224046257
-0.773239068303121
-0.0116344061652931
-0.669875282053636
-0.274499208185194
-0.331849196966089
0.0866586430648994
0.824087883182207
0.607166620378158
0.342514021678289
2.58374714683403
0.0319347318376327
2.77223834953824
-0.138774429184344
-0.0803846653372111
0.0435656155014876
-1.77358391038098
0.630639066790476
-1.36971277474422
-1.00453669184921
-0.0961891437434296
-0.222927952658426
-0.292219261329646
0.633874677248491
-0.11684259047253
0.491857498176906
0.529557335598465
-0.44091523921756
1.860231333091
0.132981837304766
-1.58407726245087
0.141743458510547
-0.742710011094729
0.799632135217903
-1.05766152086502
-0.720994973996214
0.159722554381143
-0.738864575576025
0.51647388125156
0.856345247685384
0.447648030903394
-0.60981809986135
0.77865190629096
-0.234927051237445
0.114248005644853
-1.42724062314555
-0.738445024858229
-1.32544936225658
0.833218735380864
-1.57947066490416
1.01347767229171
-0.349759271178015
0.182955943486609
-0.430990742592472
0.221239388367793
-0.139325140298058
1.28586930371358
-0.259614221806326
1.67359128975825
-1.56399416326223
1.4475879225534
-0.175613555426917
0.0227439283945726
-1.45279953495761
0.728941560997639
-1.39521784112354
-0.49953438707064
-0.486921970411216
0.898036591078188
-0.200126733313503
-0.0717477303329345
0.48388445225926
2.09640362060447
-1.11021471563277
-0.339752482738593
2.23770573099078
0.826916748379508
-0.988931380656953
0.699482196682513
0.289300902694766
-0.477656344937732
-0.504327428685998
-0.36715954715677
1.86530997523417
-1.30635456958904
-0.399497874488988
-1.05637294536657
-0.200434979572532
0.867850056583657
0.473535059454855
-0.269252531019476
-1.22663722547247
0.737018181701042
0.888303058937691
-0.848782784397407
1.23560413440204
-0.826919194373114
-0.320630608157284
-0.909704242842309
-0.623525738344053
0.32849736229338
-0.422735863552231
0.78611346205589
-1.06484175259823
0.00801187133441392
-0.112095160571054
1.60776705463675
-2.3275971130528
0.505290286123519
-0.337615026144952
0.809280936863494
-0.674876030070944
-0.327775263302813
0.493589469193068
-0.841228270362999
1.21208058920739
-1.09396474418624
0.569042064793637
1.4159120432631
-0.710139209602344
1.81126012891382
-1.28877816581132
0.390156640428264
0.262764499251307
0.662648625641883
0.555831331776349
0.0150544170501032
1.6919313353049
-0.702551673161455
1.59785550339026
-0.82519226236023
0.390594201376629
0.615626589233451
-0.520558950358041
1.81988686742271
-1.22068731218369
1.09642676491977
-0.135883553770461
-0.879366340834973
0.492812409074889
1.16172052683012
-0.765798509521228
1.69542421180321
1.29200822398625
1.26767698082161
0.193228827871668
0.601251357081176
-1.03285204021239
0.153126161899559
-0.490882539622947
-0.931877554545752
0.298783191232853
1.37668635052046
-1.19765141966968
0.204075986107527
0.165069930101144
2.4755128836557
0.0811264778592658
0.249823853024041
1.40375332766866
-1.12585915970527
-0.652707046384608
1.11085445182114
-0.335589992666347
-1.31938564616046
-1.78746385163487
0.855979027597317
-1.14173710223831
0.418643866764378
-0.796667221119378
0.40709254230269
-1.82890464811238
1.67883982027866
0.0239737664106397
-0.430306085226088
-1.60957183273346
1.47064211948869
1.8596882293385
-1.10545276559345
-0.0466751027803842
0.720103566776206
0.0136440169368122
-1.61414585939132
1.86536425611615
-0.715576752057821
-0.165512319281176
0.594345369992667
0.204403189886848
-1.92318070833283
0.170096611267014
0.705400866682154
-0.450822554459424
-0.237808659612356
-0.84805623484648
-0.188078176748447
-0.610933031978174
0.277390944199364
-0.0369890827948817
-0.85704151373071
2.0043244277047
1.69900298089287
-0.226030938748984
-0.895007190748376
1.93374303017731
-0.301393441763656
-0.32000363443996
1.94524903859919
1.02520624220263
0.827054379916142
-1.17508526670705
1.12190471578902
-0.350681180361845
-0.583261006960786
1.29472244277467
-0.322815132690977
-0.439567688375718
0.611561394741302
0.186404612474349
-0.213323005383206
0.937463952111241
2.61793842909955
-0.872284089038498
1.89486798143089
0.122779609956862
1.86049101576893
0.635781585335094
-0.593430544289497
0.92312501937497
-0.126070027694266
-0.737339431730852
0.129862064234054
-0.643198194338981
-1.07426646677531
0.280859957847915
0.0366276171153798
-1.1993797806431
1.71126639845047
-0.317235438490158
1.33681601427694
-0.911484306461643
-0.307481952104773
-1.43235828274937
1.75662718497933
-1.65398535986353
-0.47952888905731
-1.6522936137749
0.812198942925465
-0.923942117210504
-0.706822505419343
0.194160347654945
-0.729686011822576
1.06634014696932
-0.113278639620523
0.51821673276964
0.939042310908321
-1.03829189133202
0.59999198957554
1.16479525092421
-0.476512399805305
-0.205244861065498
1.02313897441263
0.80031765115146
0.494891136000089
0.443707427096448
0.177240339370453
0.270153234307459
1.42947985306976
-1.73582797219745
0.235525443642965
-0.747595736794706
1.35551217391247
-1.20833391055305
1.6120084672975
0.555618666594406
-0.587275226161616
2.83340624104427
0.0190656562899251
0.991831503200694
0.443307231659186
0.309541385443626
-0.250987762052737
0.250201417054077
-0.0285448539780757
0.369964287136347
0.852960705234025
1.01662569316851
-0.143597652128618
-0.950875284413605
-0.1694914696719
-1.54925648542905
-0.96003071287023
-0.414341654159972
-1.60004210419034
-0.0166475127208851
0.879278530414527
-0.757663213024983
-1.43278777635946
0.235033710475687
-1.96688304510362
-1.31780644087056
-0.548813758496302
-0.166049961783993
-0.233920208196074
1.35942435467383
-0.0469574980868146
1.75327035526885
-0.676394137339395
-0.229147310422848
-0.0684735402294978
-0.288129843054495
-1.41755835268749
1.40080083451944
-0.0699897470511087
-0.226187867812465
0.406882486344681
1.53528219117347
-1.46585403284789
0.797573023191095
-1.66267322854256
1.14373252385891
-0.0892919968560424
-0.537857626451048
-0.807902051457389
1.30250142487124
-2.28909167470089
-0.250111133356317
-0.133266155620778
0.228421141751635
0.247838677575934
-0.808292731680759
-1.99291911076785
3.21805606763456
-0.49163151109751
2.11076447469681
-1.32172191494141
1.79105189636682
0.393437074180403
1.23783105922777
-0.734175366897682
0.510489575555189
-1.16674451179397
1.41424726594227
-0.23951123638233
0.229208963520806
1.0159609630772
-1.22138809661777
2.09536596166458
-1.46089370460849
1.03727450333816
1.2157887336629
-2.14240422104097
-0.488479716176875
0.528149965991794
0.352994856994397
0.198928768156281
-0.222119345418351
-0.257378594194888
0.814504418185586
0.877734334329822
0.0745252851516265
0.0359065315478032
-0.0327169791736511
0.32957874651311
-1.23927533687691
0.24758317120699
-2.01272819805464
0.215290077604275
-0.220689223292942
-0.351351042333364
2.2346620279423
-0.843897583306259
0.838855258277026
1.88457289756127
-0.326445488381585
0.169412583196338
0.27813144424548
-0.166188965597743
0.189326609833047
-0.946087269599423
0.231882120552186
0.380221290570661
-0.30823144027774
-1.10039438675248
1.13026950297436
-0.212696923313039
-0.279845777878673
0.828320339758354
-0.0364239078177999
-0.121436705325128
1.83851262642476
0.281201183131066
1.05072572857409
-0.59837178049402
-0.468027914022915
-0.959218667405787
1.34110882214925
-0.439571465402508
0.542735464525281
-0.877323230296866
0.877044442132909
0.591492484016303
-0.142840925641466
2.15055232902764
0.919060750578341
-1.1751769845014
2.5147163141166
-0.599843119089035
0.491551086871661
-0.138742904282804
0.00646377370622991
1.31605903600595
0.321808045128245
0.820116596554842
-0.731454362769882
0.359414770235494
0.732451439019274
3.41349169223725
-1.95300569457069
0.720907542902476
-0.397113660997012
0.450540358693949
0.512966886100196
-0.0944562272808315
-0.0378744239376723
0.377878121849779
-0.602468787726375
-0.908088228787131
0.875948926438901
0.286643175936998
-2.61676082678681
1.64101456733505
0.269569059078062
0.934249103970833
-0.233493311843624
-0.331899796675914
1.31186417298888
-0.302534539265879
-0.0738099292319455
-0.137567418537122
-0.933155022325581
-0.316930429486789
-0.631842370888881
-0.347818567305408
1.24986694793217
-1.72420769751612
-1.81870878622795
-0.942980806710171
-0.415859899902699
-0.098274275003378
-1.7951028655567
0.932066835844404
-1.95904964582566
0.626895600903257
0.13337652915225
0.899361667609256
-0.119813978760682
-1.2413895609983
0.488290893393776
0.312327332023284
-0.56617817924329
-0.274825235449785
-0.179554727578071
-0.316190236426901
0.061504069026093
1.83647753978979
-0.569230184407259
0.723387239790358
0.0613883628254968
0.453080822362244
0.424375036790817
1.9695462450578
0.891571295342551
-1.9418592486904
0.543007519167738
2.049643063911
-0.698144737700387
1.13466072521062
-0.820803818866664
0.393543917408113
0.748612947265015
-0.271697427025197
0.356802817060066
-0.36707065489526
-0.584115095141581
-0.357726469223911
-0.687288810101556
-0.17577483807439
-1.32457843654561
-0.0769011764450684
0.660803441049239
-0.0967324506159858
-0.209416118533007
-0.63329514135968
-0.364847622467549
-0.882655236508637
1.52932765235555
0.58839595688537
1.54365384516775
-0.973674652999795
1.12890138399843
0.861943844380777
0.769271496972746
-0.199491961394101
-2.38041933549605
-0.534691844985399
1.26838188099848
-1.97321969866157
-1.02962658327676
-0.5108911696014
-0.593313372814297
-1.38063592166923
-0.630169477066022
-0.619128054542906
-1.27677843024923
0.975819767992811
-0.693366108337766
1.05247423591196
-0.0208578747398038
0.0360009566775488
0.156250014198858
-0.928563569793605
-1.01507558358197
-0.377450603996748
-0.783089412756803
-1.49649895356854
0.490035638650254
0.698580813955718
-0.197872602669041
1.81129924187713
-0.029350470878784
2.07957755135009
-0.320700184811062
-0.135868645489758
0.929862559728291
1.42400527443059
-0.396334055505424
1.06616131478793
-1.25088918491229
0.601919652874571
-0.717290395399559
1.24041725514784
-0.814109096874361
1.736639353626
0.620650867824007
-3.24598144742857
2.51921742573054
-2.30837684098327
1.96090087861157
-0.504454665669905
-1.12001775828502
0.106040148660156
1.88469211218209
0.508502300638215
-1.84069274291887
-1.24653258433722
2.14451839384462
-2.16307052688731
0.830550978902701
-2.69312965583603
0.635485983345691
-2.12719302398345
-1.41665822305585
-0.378811839224176
-0.429936392957695
0.859894004249195
-1.98198744768719
0.651608156984638
0.698697818430777
-0.474462565765806
-0.256289421326299
1.00853662746617
0.0714916837494186
-1.73410948160561
0.380976625731028
1.54671921832973
-2.46643521339805
2.79330066535662
-0.41169993947591
0.289740644412487
-0.0952354908959948
-0.97618064759673
2.64322240020199
-0.76234997307824
-1.80009936417732
0.308691853516127
1.88343603085454
-0.473260451118108
0.763941893474046
-0.555532527009907
0.238721558910864
-1.35808782674478
1.39337406296926
-0.477093662242251
-1.65754138625539
0.6922413739706
1.13753055301282
0.915432335854206
-0.315195083981714
0.674263229477621
-0.226035302721902
1.75202342961615
-0.383738302420978
-1.14269912730449
0.55350067653206
-0.619388672003215
0.0880227803811162
0.213454741161944
-0.802707768265002
0.379081546765339
-0.539656609018917
0.643270574461107
-0.261192056877732
0.345419906263172
0.26512473518977
-1.42092666427889
-0.457669605684822
1.48316908576604
-1.52216822170845
0.404612614329578
-0.251054189731751
-0.538717471379848
-0.135288277953905
-0.626051104266244
0.375013835713259
2.40530380944091
-0.161230818460326
0.0206680286825761
1.10154972429683
1.25285183646323
-1.055004260429
2.71067490626906
-1.30000251698998
0.0102066361186019
0.115778826917716
-0.744667013191804
-2.006884368571
0.617376630900288
-1.29374266597368
1.78013001267451
-2.46102107985697
0.550613851474292
2.9609936351231
0.0696324072008001
-0.845510993740595
1.12203057720962
1.08710210624837
-1.65733514186001
0.214937829149321
0.516208892555761
-1.05542581456997
-1.38676898427199
-0.667507815992908
0.474867385117601
-0.0898021417782248
-1.35662527627488
0.286147879847396
-1.30343832694463
1.38359988785644
-0.925674229048693
0.812113359698974
-0.332592819971786
-0.545606559590917
-0.987622770941147
0.738819820229871
-1.98524519524693
1.94298808319281
-1.40324072326984
-0.19961287428453
0.772850304559241
-2.90535902111562
0.172217808103611
-0.89365080595655
-1.10596413738189
0.328677662912792
-0.185345281537101
-1.14568686091262
-0.660525885823554
1.87470733787005
-0.416784104340019
1.40141190287399
0.55235822570407
-1.53771921825725
0.417668869177982
0.772611424498983
-0.770347804666122
0.292052116492784
-0.284617943278412
0.186182757770168
1.27970805440789
-1.3117403607619
-0.0381850266209561
0.388131222372751
-1.50278832755363
-0.170453815106139
-2.15788386192816
0.448964806745011
-0.227971148519971
-0.604181841106647
0.0555932831059676
0.180363769017399
0.00879324879492626
-0.41874402980588
-0.406220292503114
-0.925093538470498
1.20493607393964
-1.76329018216258
-0.113080802838086
1.19359118184562
-0.288074523675494
0.317036456682417
-0.591698217898215
1.23902062241755
0.134115580298126
-0.0793076111688698
1.446159158298
-0.162820519445351
0.824531210933464
1.13461657229463
-0.302505913157161
-0.0214888058934733
-0.483813689546316
-0.843348202818983
1.28036796012041
-0.620503665188563
-1.25003936461027
-0.767834316006661
0.682425763981257
-1.10640956616351
-0.231448810544689
-0.267607516185314
1.55843741017564
-1.40465847952369
0.797796749962322
-1.36903723592835
1.01617574329568
-0.222270034002912
0.1765040624345
-0.74465513947618
-1.6192366778755
1.53871817907456
-1.02185670369981
-1.37462446734795
0.999777854147744
1.60765012847168
0.0964878021941599
0.997558530093101
0.712330057315442
0.0010352787452757
-0.31740805699463
-0.426636684607156
-0.163815340511558
0.155101338124299
1.38279712357167
0.355308484903459
-0.94496165376228
1.03099264363526
0.737606592571125
0.418976819598505
2.52077729272172
-1.33483344250425
1.26684962229671
0.13174857959105
-0.887684754757129
0.0604426329827743
0.447770711873557
-0.560456428468289
-1.19447264094787
0.932362904623471
-0.780759810803163
0.0216248785799559
-0.277649820827178
0.274992218186662
0.740099146660529
-0.379343545712725
-1.88398499495864
2.59083717201784
-1.07215973067048
0.634273348510374
1.85214480725394
-0.191968430692769
-0.271235108797659
1.68427020763648
0.513589318323575
0.536420686306417
-1.15219141427313
1.09265302059217
-1.38202323283981
1.25313175086028
-2.00431764412637
0.965891402043603
-0.799953646747821
0.500615263357675
-0.939782535790927
0.443276124963698
-1.8642423740203
0.141463040151344
1.49441526168604
-0.297031882905911
-0.276859317731276
1.64081733891126
-0.234980556028429
0.389751647511678
0.832576970015786
0.696305178240065
-0.455848071529687
0.0759666291319969
1.73987698838145
-1.90708392198068
0.719515222346709
-1.20254416266142
-1.02667203463669
0.815767195369434
0.370387508337591
-1.16045187711249
1.29482067213666
1.2633058116896
-0.477371848872975
-0.168501749788886
-1.68841203646219
1.22041084212362
-2.11852476829443
0.148547607570291
-0.424324188485297
0.123994286936567
-2.15628308319391
0.208413548686565
0.136002432547847
-0.261770957922443
-0.37042529853128
0.443892638551159
-0.162207823169768
0.417195928658941
0.0310116484901883
0.0701402600166556
1.03690666129954
-1.09629865673448
1.28739912783524
-1.1315609130057
1.48721366322163
-1.25280097258038
1.74611264824904
-0.0422628123558655
-0.518104953496228
-0.703062509534458
-0.592085930350415
0.715743830327235
-0.672327253158399
0.361022839616401
-0.612662470637179
-0.721537182977052
0.899126007662012
-0.133627791991657
-0.104186154985619
1.31959787434046
-0.0922177994258239
-0.881810619811383
-0.312124240678114
0.881736740103536
-0.0108520059250867
1.15322676635875
-2.04695977189237
1.21145850209823
0.300250668892034
-0.047514073090324
-0.82049983389598
0.978771133643704
-1.63882106425164
0.755209640894198
-0.610646572175304
1.54787711256444
-0.628144824950009
1.83875876013108
-0.276842476722765
1.5677503357635
-1.59402389584917
1.46823397207211
-1.37118948163268
0.295896842547493
1.55546982689944
-0.858771935226997
-0.467609869431141
0.553649567632234
1.51627867805913
-2.06262226186964
0.556716562488092
-1.64749035426661
3.04272063976003
0.292732445102437
0.481210109297707
1.10137018227818
1.87355886800761
0.63264469063621
-0.863452470804043
-0.511275731932651
1.58835505699741
0.321468304189292
0.0272036053501112
0.726830753737841
0.317601553298976
0.798976636648475
0.255377279014279
0.8024462065588
0.504797112686343
0.56779770876276
-0.63334439963151
1.1133757984116
2.57439160616866
-0.359316249334407
1.47544387057343
0.161164869144429
2.48283658153851
0.0497308249411887
0.52316770782676
-0.0505467766846788
0.0268465841135293
0.189582262766967
0.768277599079439
1.81933616471024
-1.66206024671574
0.550188413240753
-0.196003769424043
-0.248251711925666
-0.491846873194494
0.713204721761353
-0.403042845271036
0.316925071168284
-0.849714896871894
0.378405660185892
-0.35266010477533
0.841818114497212
0.303673857507253
0.190435240536988
-1.12439984549737
-0.401457893099731
0.0969322637974527
-1.41184896885245
0.977016989208565
-0.380562817828312
-1.45371255461791
0.047434278131391
0.126290507832496
0.425597097965202
0.487794337709992
0.27993507343944
-1.1587164419869
2.31126249901826
0.191230657159022
-0.395952277800482
-2.08228860895291
1.19732973081074
-1.31807834911152
0.63596646797942
-0.337769534876177
1.22154356852934
0.148085999112354
-1.72892805499061
0.555240683687337
0.21613866418164
0.298477205201096
1.18703320862036
0.0541754876045773
1.34727316498923
0.77962888327953
-1.04730375326535
0.311802420935494
-1.7181035284292
-0.705605816887141
0.410457431927045
-0.375768123854087
-1.31544538533228
0.828028910812516
-1.09250310617327
1.44995936735072
-2.15537845478128
-0.408253307721706
0.306609920875473
-1.43834655671325
-1.03623091747369
0.56716031376992
-0.802800266458718
0.716074281200801
-0.539699183208072
0.351102094009595
-0.0283867962158086
0.7492289759535
-1.09535561636594
-0.0660127202098331
0.959009828236648
-1.71090708935768
0.376401588780885
0.186269957815639
0.784875779145288
-1.17803767965068
0.727561690581867
1.28119598972582
0.118891598294255
0.715921587599299
1.1886246416917
1.3291823040589
-0.655603667382665
0.59761040534571
0.330851777271748
0.652097910950146
-2.18568695834187
0.0470018801814288
-0.860733549626757
-1.15722919460976
1.25565948148157
-1.44797093711876
0.230435526208435
-0.840069178073804
0.815569001636949
-0.739871041905978
1.5234962317448
-0.530479354817879
-1.33143848320087
0.251798286952857
0.144690154051912
0.565335614582072
-0.713328841835548
0.073227546986765
-0.376948091762991
0.634521358325759
-1.63706525947246
0.548673775818817
1.16281546224671
-0.943873226665724
1.50195692103848
-0.715407985510131
0.0628070540072221
1.76187927723719
-1.50293217755753
1.78772553911631
-2.52488887609083
-0.129659543797576
-0.44456332298778
-0.0403209331900329
-0.640937450655169
-0.51221156463833
0.643069010839471
-0.850075973622095
0.237881192964164
0.937419568987902
-0.788240917575124
-0.90763367817637
0.267710805804662
-0.0598150516229266
0.0683372586800204
-1.81704540985412
0.361781890739695
0.857646901672365
-0.0565378792427807
-0.70368441613587
0.938060778759176
-0.765640092330864
-1.11585050762889
1.78315164697094
-2.25239447187675
0.239213179248785
-0.977144665555583
2.18296558648069
-1.35504426982535
-1.1390442770876
1.36565103483606
-1.02557499353192
-0.577538018429993
-0.5344110202297
0.945841633314808
-0.49228411445551
0.836558519538437
-0.292163632245487
2.79138173091188
0.111143636545273
0.463260551331246
-0.0483450321721058
1.21559203993691
-1.7508882986262
-0.0332455068554212
0.132382133501976
-0.109679047017468
1.15269043179044
-0.0667781702717946
1.75004140186893
-0.967886386410799
1.71603415921172
1.28920363834678
0.214992893629637
2.73675339311756
-0.193021947772735
0.332210698546723
1.19452862679315
1.73103114200758
0.552041007923364
0.737790548125333
-0.115083988442956
-0.540452793879633
-0.135769774344421
-0.0649489132725834
0.873353448352278
-0.210879322262033
0.546773001917839
0.778583966646734
-0.342159712382206
0.6762111782917
-0.0436634071395767
-0.619268554618054
1.34572944485141
-0.386386467346688
0.680483541727584
-0.518925257870001
3.42228658424821
-2.0163247369224
1.43331520002901
2.39194584851352
-0.920019160319719
2.46072146136916
1.20601256225538
0.394059652215228
0.819697955546807
0.875287542043115
-0.0598637653412167
0.824101424233864
1.02170343385685
-1.44205813845398
0.594108371391796
0.969746120249646
-1.30575710133972
0.655241576290445
0.253784134496758
1.33937194042786
-0.321111589317219
-0.178946355400086
-1.05887927194305
-0.277148309605041
-0.945216933054309
-2.41237356952292
0.73348354715196
0.942129089255699
-1.05729555169046
0.424936635158694
0.0638217660129867
0.480758598579702
-0.769115762984859
-0.544138677223748
1.28620753436154
-1.16082034725697
0.278337366540679
0.140800951649877
0.930132539347672
1.33466129352849
0.984477566165044
0.936049608218001
1.23004249587276
-0.237384944192552
1.27810382684846
-0.186825271766475
0.16598801794703
1.15333152868966
0.239366111950248
-1.92890451782718
0.090702906865088
-0.0646128010477814
0.670967179786014
-0.564278554497294
-1.88225350220034
1.92485963839788
0.645683973154619
1.33230909244914
-0.115226764098659
-0.795807378508636
2.86080822610715
-0.683669773569944
1.6685221528341
-1.20590005420776
1.78229095550937
0.396495995323888
-0.861211277670335
-0.26892556773103
0.134910519653783
-1.14171740161561
-0.200604071569148
-1.16962233743188
-0.625059732785835
-0.0423651874620113
-0.489659555335122
1.69421365564843
1.86138660430682
-1.0121375371422
0.456637405704504
1.35983768625703
-1.24838636521286
1.19675630305634
0.511645877493485
1.01040046322716
-0.964549204332326
0.48813922167397
-1.18306444146761
1.09060881801997
0.138153356818993
-0.299492984605281
0.30408289164108
-0.217692330168396
2.23806331094562
-1.34269937045756
-0.542231827155099
1.89392395593702
1.87477164488103
-0.101651428987593
0.157579794580824
0.564059264591
-1.29745581698907
0.384756549707013
-0.154813709882682
0.0719740759642054
1.88849032740918
-0.112919624490926
-1.94967526338182
1.67938632370737
0.424963407415431
0.587793953931496
0.870016254811523
0.0996370762927463
0.335886482293382
0.330239178897042
-0.0481070641513832
0.108500190979964
-1.38634343365432
1.77965025527798
-0.325683626295618
0.970724790572037
1.47399819114664
-0.735870668500603
-1.17725142661383
0.778644908962214
-1.18349148536674
0.649586275786854
-0.208582193132841
-0.856963049920208
-0.665088211698165
-0.443164556897508
-0.152697024912496
1.70182183509369
0.0224377606060301
0.232908512784211
-1.48439409557506
1.18511385723264
1.34894838136152
-0.865587564527569
-0.0757010934859566
-2.17979345851963
0.449527893615869
-0.0176084682154507
0.16401637981676
-0.249851646021349
-1.07423843622505
-0.433988593042714
2.11311759239519
-2.21745187037237
0.486844369473067
-0.220405523474596
-0.711321179575613
0.432541083675148
1.31866072430363
-0.758122611210504
-0.521605894900454
-0.906953289380259
0.0124230561061211
-0.831418064159171
0.513376024500436
-3.12870722707328
-1.64907839805858
1.48546533670579
-1.5648647210754
-0.370151206624499
-1.53862645433858
0.650122061535475
-1.3103002317926
0.149088772963522
-1.6528577377186
1.40265203058029
0.750121729564831
-3.41018557583832
1.86313109646806
-1.37414088594137
0.570133208498853
-0.0143525246336593
-0.156797946263429
-1.70897918349172
1.02979120955834
1.26958923789468
-0.119404021124372
-0.520693862534443
2.32577331594723
-2.06828137301861
1.39110586695677
-0.574771110488961
0.466724831930643
0.311867147710685
0.348723723573255
0.946934175413448
-0.563881988678826
-1.2590445722524
0.716079615336463
2.38385666186948
-0.865790376026513
1.4425255722199
1.22203914891386
0.371069892223908
0.809843997963507
-0.157934153164084
3.4828017688797
0.54371348014283
1.52050353040841
0.935578822160837
-1.42054044606782
-0.455535348485155
-0.577718959338672
-0.831597366212514
0.765153066308957
-1.0032520843843
0.492350898829208
-1.3558194926415
1.5918782264849
-0.0812341445381436
0.486971935076824
0.388439844394437
0.355492343858596
-0.4011314622828
-0.788043266837835
1.49578425682671
0.254932072323483
-0.0978828131705639
1.20233504273534
-1.5105083422615
0.046781550951016
-1.74337601882685
-1.651993036195
-1.23503404710077
-0.971070210495609
0.616018938067053
-1.01821244822569
0.98630911266486
-0.441704090127744
-0.194367292202259
2.79265686296419
-1.88477355874215
0.79571890838477
0.0851727237711389
1.1779688692908
-0.76414928700676
0.796566615291882
0.49573214006051
-2.29642593423906
0.467050620509382
-0.397072211017666
0.154260313018487
0.185247986091451
-0.464581823971417
0.0502203964904823
0.927703558801171
-0.711890325084661
-0.72083373067146
-1.26143774083922
0.721099937695001
0.704255258372004
0.323340009727817
-0.814118868750406
-2.19504920237929
1.20719932796598
-0.857055978444142
0.698481822206032
-2.55669945043057
2.49557712226882
0.299010493667902
0.778914756588342
-0.107589774479517
1.81692550892346
-0.785426651324511
0.878862029576238
-0.16546476259132
-0.162275276163363
-0.172519302740188
-1.03698494694027
0.659004762494202
0.294848777369853
1.29849648402656
-1.02099114910032
-1.23449638365211
0.329501421305117
0.377192561219213
0.0296983462713708
1.46157544485675
-0.149292654209458
1.29856347013585
-0.388972959526015
1.58500389372259
-0.674164870348845
-0.867963629879514
0.806713469462567
-0.616458133252627
0.581681574415841
-0.392552004753246
-1.45749050953173
0.54670878422534
-0.360741081965801
-0.357920390287763
-0.983527761029872
-0.863455751308672
-0.982493897653475
-1.2394879289799
-1.26361359157676
-0.418078291433689
0.108080694267283
0.392115232827593
0.250448185880083
0.104857322648817
-0.36616574538373
1.63659943640224
-2.87088382908969
0.246863318203725
0.132923999513558
-0.155408971489178
-0.308595415049007
0.786201723122993
0.511662073328074
-0.661115867094622
0.659376497883707
1.35597729873609
0.745124958339939
-0.690279410603129
-0.0956892455007695
-0.0469282221035087
-0.308199813030818
-0.078833383435184
0.455746974975838
0.556306035864053
-1.81717904987245
0.651740021357507
0.857620902877408
-1.02146975858124
0.247424161450235
0.253429324704613
-0.9098823976532
1.54811264731196
-0.625170088868588
-0.140592345358057
1.0654843410945
-0.219317536243856
1.4247715586729
1.2664553637585
0.395653869012625
0.777576162876059
2.07756441551288
0.330127864526457
1.32743694434106
-0.198764719450283
0.0962835817475315
-0.986555433924129
-0.0960559830865582
0.354161377884391
0.18320161914833
-0.730522983197724
-0.0850446539853952
-0.329158549262978
1.10484281491548
-1.37725390673056
-1.49012742465432
0.244955418452533
-2.06557207863769
0.40515721367692
-1.08863745995152
-0.648998047484981
-1.78690535036205
-1.68306175559972
0.823249580947208
-2.31145896287819
-0.201206240690661
-1.10495750792791
-0.0195609199984119
1.56735433681892
0.157719586268587
-0.395693071958851
0.0660898998159432
0.916529545821668
0.749680799268392
1.00932175061211
-0.0725350664443963
0.0535874897732289
0.98053861667261
-1.68967544152205
-0.158560507244503
0.402335753224742
-0.903007170621345
0.563409706170179
-0.960546599478639
-0.51674680091047
1.15417618967408
-1.764645940879
-0.677727810002618
0.255198657449548
1.17114307216076
-2.7975169089068
-0.379568055591789
-1.16698695621571
-0.226239632909591
-0.950048819197079
1.61696029819514
-1.61034487180633
2.97152470713152
-0.241889901523368
-0.65362730097811
-0.104689247067859
0.144386206456743
-0.474964653576374
0.780689072648114
0.549829419813752
-0.737510496616359
-0.884295192027836
1.19072985785074
0.446858840842325
-0.396942063974778
-1.69078362824088
1.4765772603762
-0.528896811105048
0.590366878210241
-0.288926100807941
-0.677106155966301
-0.695880052893988
0.614980155326615
-0.834415875799968
1.20695778967619
0.239162764674869
-1.33051618410273
-1.18618999581787
-0.612436534064875
-1.60911693403804
0.503791812753827
-0.531906446835085
-0.83708548797861
1.31354786852129
-1.74438304073368
0.756076609455337
0.947375708624425
-2.05840265612661
1.75972871218133
0.117596229138675
-0.76237182830236
-0.96309203287126
-0.399041197998556
1.44821831818916
-1.88571035215335
0.290058202310796
-0.915977085052392
0.327177292779203
-1.04103497231167
0.250131925786454
-1.27563452341971
0.0904535696847718
-0.925760505599804
1.21374317687222
-0.588236648934107
0.974551792477687
-0.775874911252183
2.30381467161397
-1.08483275368033
1.93387915349819
0.989955191320762
-1.20953503597595
0.332125335979468
0.931937111407193
-1.49393911267763
-1.59630377645704
1.91891942238938
-0.936859060639753
0.183464895445689
0.96993218028947
0.365560289440153
1.68969093615138
-1.79127636705838
-0.70446681226539
-1.66569045228297
1.0019442784172
-1.88681594707086
1.50531299820973
-0.170022704499503
0.363744896441804
0.379705513445213
0.428299663751731
0.914390239761656
0.964347151747917
-0.745587253590295
0.216897509296397
-0.931189095322509
0.238990994797093
-0.129415544315167
-0.298702329768625
0.5266235249337
2.49419300034825
0.228781696361474
-0.0184225987925508
0.865976934035664
1.65131251830843
0.835368867030106
-1.00141653951651
3.0896865882627
0.48549681604427
0.461465329152532
0.310760416991304
1.28959477227695
-0.409568142414894
0.976793168290131
0.0162540616811249
0.468290646633368
1.21595547242215
-0.0536405711471392
0.988587503660931
0.997010786963043
2.29053640125174
-2.59679050532557
1.02382982829051
-1.33880741798495
1.12209704835219
0.745772342849913
0.432704932500525
-2.15375446029866
-0.446441182745566
0.662338060767546
-1.74399310923736
-0.414734529599212
1.50324501777969
-1.36786269239653
1.47372898668593
-2.70448346716193
0.573245012914771
-1.13214083535179
1.75268862614983
0.456186986367489
-0.849208387296759
0.119924015036428
0.931039279221123
-0.730041313916111
0.568269782241575
-0.392535118354446
-0.0757664095589882
0.0977840104342841
0.319011510457043
-0.647813027757739
0.207302969626565
-0.287726635089378
-0.606607155198557
1.06628350838462
0.415256397122704
1.82440243744964
-0.562810789106898
2.44514191549019
-1.80347300476321
0.127571703188492
-1.49474194224551
0.804004171762025
-1.06426713789489
0.438975474721762
-1.16260028461213
0.150396070488834
0.868368462025854
0.812710211561746
0.692087149289698
-0.468131409199172
1.02829412102023
0.0517704810353748
2.02720146914212
-0.677524713890492
-0.747210508183676
-0.339182681847153
0.528081114184584
-1.69251052554136
-0.745477368538444
0.360617657866269
-0.578430135898874
0.837441966092527
-0.409757502536735
2.01784687422722
-0.844139913501111
-0.74923942855248
0.221564501558618
0.332382460619683
-1.17476891408349
1.32185436850168
0.752328514521167
-0.213197974390558
0.651978045291058
1.66098948804079
0.492322910491209
-0.384750422762148
0.462562527202708
0.182015971836592
1.61710637511499
0.0167452106049865
2.3053330935169
-0.404349380112711
-0.230754325778806
0.287299717961531
-0.519570092493113
-0.383003880344403
1.99743568588837
0.171274050432464
0.295617849591283
1.4295570717189
2.1490461622593
0.00141040535053881
0.705103788503626
0.319305895016017
-1.43062716497767
0.81578598621072
0.00438743363467953
-0.212027794538667
-1.30743853561928
1.73481143825843
-1.2273036831776
1.42410439375353
-0.234593971136383
-0.56481447838718
1.22575881804373
2.04064102804714
-0.917512142414371
2.23468240152884
-0.243569509441271
2.34385096664318
1.18495050089995
-0.669973768993478
-0.746273474715712
-0.918885409423857
0.690371598474096
-1.65687586483031
0.521473201092533
-2.18679787258766
1.15441901713189
-3.35219848336674
1.00135172164952
1.53982080765863
-0.146892649630486
1.13749951111658
0.290524704586762
-0.645592042707773
0.939284462247736
-1.97508090089612
1.02423636965043
-0.959036645129625
0.351528296677606
-0.262166472046598
1.40247846469475
-2.09260180312005
-1.08954813624621
-1.01523534886557
-0.835337828451063
-0.380810537065084
-2.26899919966235
1.31004353030957
-0.992008071477954
0.868318117684697
-0.4612533257865
-1.24010072931637
0.583725581059052
1.19847046558373
-1.4177151483388
1.58061493303248
-0.316317241547302
2.63704751467981
-1.23817283488111
-0.979788662468976
0.441545254819731
-0.13252507917816
-1.74696702172973
2.97187308874191
-0.845502236782048
1.75727857026986
-0.884240568756137
0.706447602850695
-0.16512236113656
2.52479814566737
-1.97272762302581
-0.484108429403093
-0.387685180104637
0.265180481261742
-2.36345573678852
1.3302357128477
-1.07415701749178
0.2988218473425
-0.0121003797710602
-1.33082648511394
-0.346682588063439
0.969395626949146
-0.317575815502153
-1.21458843728063
-0.813053821405683
0.892847164858324
0.611418113094729
-1.93311118367282
0.791763570800068
-0.926899677937259
0.750711260261824
0.443365357296094
0.222590792430801
-0.453251753356902
-0.162778924064918
0.0923455880448678
1.05391281368833
-1.86002477375534
0.949083930466277
0.995038984214412
-0.159524650299436
-0.953119384354489
1.83655719743708
0.288354909258081
-1.57715517215138
0.774949443212317
-1.42151236297628
1.19370976160118
-2.2031807221183
1.11978607429845
-0.950833227542428
2.02205992423988
0.404213350307152
-1.71609800142442
0.47995562170791
0.348820818756468
0.387819766851763
-2.17111584887771
1.11454837204843
-1.33317913639756
0.855143271443764
0.117930961300051
2.8731697353022
-0.194027469928742
1.60642001701451
-0.855547753654525
1.68123334915911
-0.186873482418118
0.44490688142323
1.26154589401059
0.550049764386375
0.294447018245092
0.0663355918132024
0.293835957427785
-0.344992735733629
0.882265793428273
1.54984333345312
0.551281430825153
