x
0.831461678292446
0.193954270478336
-0.424937888721632
1.05973208491937
0.85230172605701
0.348541249842496
0.600293810893122
0.750996043206964
1.15620050136413
0.198896856167914
1.52831705221343
0.638941692362766
-0.0404725722298502
0.326156429095862
0.272778087957357
-1.72136656133269
-1.94597693024862
-0.503038459417237
-0.785506306454351
-0.110412482602902
-0.0779820257393813
-0.233807016051446
0.111986527154014
-0.232551285176568
-0.279257187542763
-0.61760459759491
-0.666480046487284
-0.403019688744141
-0.0640762971013828
0.61817999215753
1.24476562087411
-0.0663716208903763
0.230065191508037
-0.502873498039534
-1.10085587323503
-1.57902859858327
-1.28612679284498
-0.539069276375041
0.448954781810966
-0.0630991375025288
0.413849068858498
1.46771205113148
3.34686545702454
3.09313172229081
3.93022155998958
2.28453170125392
-0.58638238583155
-0.117005851761267
1.1932635187219
2.39231188855381
0.728698374970436
-0.565148892030596
-0.299378984081759
-0.083366651853397
-0.0437490903670649
-1.12371391635196
-2.73881051876497
-0.368089815873808
0.637747334204876
0.469602398714197
0.361972579067806
0.988620243534622
1.47051784871024
2.27735137731883
3.1527388732672
2.18749422700218
0.972272017405145
0.838799343103486
0.127412918468587
-2.33652719485403
-2.49084494477599
0.0495664490933425
0.771666922155759
1.57070444814532
0.502753296812061
0.561575989224121
0.79709731751676
-0.543511534077046
0.674944238198095
0.82904406795792
-0.329534631103257
-1.59707136695039
-1.64543258853907
-1.87090024032987
-1.21333641495784
-0.700261911128912
-0.812731042750283
-1.3265617946176
0.0370123246098044
0.168015831473549
0.546475273547088
0.870837716608175
1.68995647089697
1.38787822237893
3.40951486474653
5.5202719343501
2.52885572745931
1.64302639449959
1.10258349973164
1.05348538908573
1.87649870635691
0.556954310834776
0.158828366553814
0.726551892120385
1.8229598920794
1.71484293063638
2.53831986560863
3.48007198657101
3.45838574912357
2.54411079413439
1.45406763179142
0.163854900699273
0.418985889347643
0.531328248678301
0.133013048064301
-1.07937466300204
-1.06934961141519
-0.125252941431449
0.846885408214942
1.88171374968721
1.3379256237581
-0.0338677406661839
0.400187834445342
-0.590777736878751
-0.459509956810326
-0.185577555687352
-0.374175193007475
-0.654911617547607
0.396253795447073
0.106189613916746
0.768323206405269
0.805894064010193
1.69139956639519
1.03027770280942
0.827053365902316
-0.607667657351424
-0.211918982946745
0.446022447740905
-1.37408593772623
-2.02290895899668
-3.0112857807565
-4.00294895834146
-4.68383576694013
-3.31495105647361
-3.7568942708778
-4.31040791192672
-3.30047170442905
-1.24547413791454
-2.21120732245482
-1.66789271227035
-2.43176420208947
-1.72688650872322
-0.204217941455315
0.691644665237576
-0.437049450233303
-0.2002166017457
-0.51373727822961
-2.25325224466679
-2.63472981656309
-1.72884317287779
-1.53091341443354
-0.47633718320221
-0.877860329079087
0.138514494917591
1.1833363721118
1.22833358282048
0.876754719396396
0.93068959974705
0.493828328368189
0.919942730036431
1.39437841787629
1.23786081823502
-0.146419854085924
-0.113176593456468
-0.653105155366396
0.337533122575308
1.32523101711453
1.43364714155539
2.08647640027836
2.6793210876072
0.962250993989643
0.855515536084535
2.42733287321188
1.13898761729743
0.472262864215845
-0.591502148966121
-0.273456443529037
0.196735806806336
0.211145976488678
2.14495485925645
2.72185011196752
2.71883949755197
2.26730851765235
3.53224420275806
3.53359232732904
2.65741390578225
2.42641163167085
0.542976230867873
1.14141733197777
1.26873823944157
-1.86241175618462
-2.76291887035654
-3.25840775194093
-1.22724444374917
-0.230720272537051
-0.08812898422464
-0.13149447467152
2.03582657175997
1.22356773986384
0.99622673458744
0.467336269024768
0.802835876662461
-0.174277056542194
-0.422332275073107
-0.236523792119626
2.1463341841518
2.21105213666949
1.06058555191472
-0.176253555110832
-0.401372347307837
-0.357205390581349
1.10909047895916
1.40093635719902
0.717864555439438
1.26034183346259
3.52954654487574
3.67648368944974
3.07530671956503
1.1756731669584
0.132542447120243
-0.179321731575199
0.374650867067442
0.742384672707865
1.09474399010959
1.39911987553168
1.94799736554293
-0.22483339255903
0.394491911563767
0.960235806553407
0.0226827898626845
1.85315570218784
2.59609628909611
2.52244163889115
1.01591361453576
1.97634488794532
1.35299506554154
1.44416328217848
1.22326470478679
1.40903450434911
1.27431074220152
0.896751240717526
1.30246590249933
1.17589062202552
1.56796234613296
2.18311894198078
2.36046773462361
0.06552702227556
0.414399971646324
0.378458613284356
1.08443278746709
1.34987621506504
2.37284388840166
0.861471581348383
-0.0142325656008142
-2.13641388312119
-2.21315422985948
-1.1533161197454
-0.531313706951602
0.136916697761159
1.60277078656467
0.241364706057784
0.289743552455166
0.154962192732693
0.362839995425614
0.498337010767795
-0.265859943798813
-1.60027915347323
0.27340561278417
-0.0713547216761599
-0.13475039926553
1.39120505869569
2.95354099791949
2.02456125019297
1.47896898676257
0.720244288872171
-0.650323255254255
-0.0342820028928792
0.565314088182973
-0.324441832358682
0.540097478464574
0.370400548593185
-0.295905856562476
-2.00199784060165
-1.5075940656402
-0.68341813308016
-2.02775985180019
-3.62581794707462
-0.434551202154602
0.717764755485985
-0.832432535843366
