x
1.19811285327545
4.79437843907079
0.986675933345135
-1.10517791535706
-1.70324139566633
1.99906143341984
-2.26424524091893
1.41254504109984
-0.585331833712535
-0.325842414318337
-0.303856575375357
-1.37863029446975
-0.0815871788019401
-0.642661946102823
0.754132047208599
0.618277613755172
-0.633183929867914
-1.26067889480833
0.676304227409493
0.264863537690744
1.47133590427886
-0.236900164229673
-1.61812727828747
-0.342752601686905
-1.58900277477009
-0.24766101111814
-0.101372315146543
0.354091182657616
-2.26092385180795
-0.973945532435487
-2.20557657313521
1.29778897907174
1.47475527991901
-0.424875571851323
-0.863489696074157
-1.49861075867866
-0.291841045477613
-2.1282152877466
-3.63659225116064
-0.119351038471586
-0.281301963647249
0.318020480580675
-2.006838127798
2.01843376801347
-0.608783726341795
1.77864682434711
0.862713768607657
-0.401726697172556
-0.452347268755968
0.297601798125585
-0.601345403054643
0.00768944766782777
-0.766761913330615
-1.40859214287619
-0.628530847654554
0.66824117495289
0.748499943327579
-1.15941366354271
-0.241780114184794
0.978283795928996
-1.71456723004097
-1.68466226040035
-1.37270593086436
1.44921995035235
0.252975581877585
0.468206377703861
-1.51105433061601
-1.08807435839064
-0.157617790510943
-0.408615044792588
-0.0494201579868404
-0.60427604246522
-1.39262988793322
-0.578357884581749
0.157496368339644
0.462967306279977
0.651184735145725
0.977281744242839
0.509753608953334
-2.57700326247377
0.082569658138802
0.108130507531671
1.38795437899988
-0.952576078295849
0.445764002792032
-0.213225042945341
1.06554534581138
-2.29328552398952
1.94892297247468
-2.56341414416356
1.64334159355885
0.995689356361854
-1.22551175179766
-2.3165502635954
-0.699258692505658
1.10770123758962
-0.913351538809616
-1.02186626850346
1.29905133538445
1.03794175350045
1.41975480364057
-0.244185542086847
0.99662605932562
1.09286169796584
-0.27300961182214
-0.024401388693228
0.892202408717963
-0.716719944986332
-0.88640680413981
0.0844180589737644
-0.856706749565675
-0.781724836897948
-1.06135995225691
0.945865771575334
0.243658150430891
-0.218826318272176
1.17452716397233
-0.369706638889574
1.24806699186016
-0.601855923527636
1.26448840464937
-2.33976650632539
-0.559900792120738
-0.691755369228078
-0.956400293818795
-0.613783620918166
0.0362344799402343
0.710455153244474
0.141317036563268
-0.607636857102719
-1.79107154885683
1.61924021626217
1.1335234273291
1.6199496753328
0.0414673089019838
-0.26091846794228
-0.948413192494897
0.331874921537734
0.444256785539581
0.0778449500478161
-0.17679057901071
-1.42344315174138
0.411196576981271
2.26160870131502
0.282110557528854
-0.841679463730095
0.832938726866596
-0.625301660934849
-0.631348512002276
-0.608488471257914
0.94112567434359
1.94997740687542
-0.630732559680054
-1.23107394077233
0.214334231729768
0.44068962779003
0.241668389324085
1.23898679161293
-0.671012487931108
-0.165725008589818
-1.37373891027966
-1.31651153300036
-0.285609192172328
-0.539866948134405
0.922133607847763
-2.44156989159517
-1.29640152555873
1.92763041167005
1.04189608752934
2.6897321227455
1.76050868948865
-3.35489345994048
1.16478734220812
-0.32030306036558
0.324161781008714
2.76814679555588
1.72392021724345
0.98246122581428
-1.67159913400977
0.752668425690696
-2.07838186780845
-0.517545814867605
-0.36912505436307
1.49967819209428
1.18819920473727
1.96011612264952
-0.438487749700838
3.4845747141073
3.00690942792945
2.95588273595415
0.685945685072173
-0.0811869567102357
0.000932069778287502
0.19645926033324
0.832320712542613
0.412277431227835
1.874307207837
0.559790227294723
1.51177794651102
-0.512031773041355
0.575158468588514
-0.544566284585317
-1.11703790459191
2.36663776214628
2.10751836603942
2.18171730301259
0.498501622523852
0.712182527848898
-0.146775106792068
-0.564748092439987
0.880930231535686
1.12262744618743
-0.770835810315766
-1.33885484119072
-2.08270124324344
-0.381213668306292
1.07675672945499
0.285728676637391
2.37588465221093
2.11971234284364
-0.768304802787693
0.911834820342774
2.80605697740798
1.30322925078338
1.20250972443937
0.977987694943429
0.713402573835342
-0.48784338144387
-3.18998067178264
0.0366325312505965
1.56045927041634
-0.274450230148922
-0.701375726147447
2.88235149845698
1.05037931284843
-0.215267602150888
-0.270225610822237
-1.54817100609536
-0.0693955719727656
-3.19846909623754
-1.44232161955993
0.948359936559856
1.94179874098569
-0.622340771234177
0.510066673146045
-0.157236231666743
1.12595384894113
-2.41337961401139
-2.63548914340577
1.32802348516717
-2.14448884261054
2.33900308322593
0.713841572438762
-3.22831169028563
0.0738983291062298
0.524078186147676
-3.01478768927801
-3.3652918015089
0.224571048553835
2.56064105214805
0.158394263616627
0.265492362376747
-0.266436932793848
0.398691209104634
-2.82766152862437
-1.74766665314857
1.01755829544558
0.942059891563543
1.51290283210223
-0.913591387747035
-0.0350006705727924
1.19591229977101
0.83264370207822
0.170665776512142
1.56353284118381
0.185945533245248
0.463148202240804
-2.11640911657741
0.176631566640042
-0.146564969614213
-0.182225157307035
1.64475629941333
1.67937664500219
-1.70416137359538
-2.3280490024258
-0.905790947407272
2.12359390349276
0.118332688524554
2.11305030693628
1.89549128311957
-1.70449967120339
-1.43876668278343
-0.482294413045909
1.27406614270808
-0.997447746584283
0.566568972353597
-1.26788150163847
-0.69540019597052
-0.42435422261161
-0.719526667335222
2.82684102368387
0.718922559458318
0.482162768179053
0.751861931522743
-0.487399057120234
0.5948271682309
-0.630062080425897
2.50289418745721
-1.26593279012261
1.43525122303406
-0.527117328743974
0.454841816924623
-3.37015399254049
-2.73991464262014
-1.68802626883336
2.14019169806307
1.07582582258762
1.86524067718347
-0.916427347223094
-0.449148618236744
1.11428725068452
0.948441167936309
2.62612985077515
0.0748189565523976
2.27697832404067
-2.37810933241814
1.31376185967683
0.405217923077465
0.405226492655113
-1.52822016927479
0.698334780700607
0.19673413002623
0.869937581155664
0.522879305491463
-0.292223460860046
0.931744175375253
1.59399905640319
2.09475049660217
1.05963829440317
-0.347497424679615
-1.74460874708655
-1.30315393526832
0.67258054312054
1.31518382749001
-0.884045091936526
-0.0785374902758465
-0.769955893886826
-1.96212804675907
-1.48072361812961
0.744014131249315
-0.355668023276075
-0.0976004919911863
-0.472423294257499
-1.78655684154338
-2.66271927011025
0.220994243219041
-0.668537820727702
-0.946472954258585
0.127426757037468
0.126692092282159
3.12910872376614
0.981477398758745
2.47018481228542
0.888461544036941
0.840976932860173
0.24573573553614
0.384439768154238
0.3214602669898
0.533340807298369
0.0472368754531132
1.23057223871893
0.719001925349774
1.38168047046291
-1.45775963574925
-0.686761853902673
0.0690847609071185
0.272216052255055
-1.42209467045396
-1.56041958336181
1.6429277411536
-0.112098830452739
1.41270321578116
2.60842831669245
0.577946320622481
1.06526946251014
0.846283161842974
-0.632101111861883
0.30353671010077
0.536753752933023
-1.69296413417594
-3.06442825278589
-1.49957589883019
-0.472963786195921
-0.926195635043467
-1.46334334809733
-0.156640816114652
-1.29271695357118
-1.25114413739507
-2.11640591340376
-0.557931847593392
-0.646728343172784
-2.1751584985767
-2.05537529682383
-0.429928013947815
0.521122509150716
1.33971100659756
0.283859844030963
3.56804313140275
1.5887792971116
0.866129203736115
-1.60062811857587
-0.80786181837529
-1.4100131861603
-1.31917886194915
0.743203685129597
-4.16849990074805
-2.15255575171171
0.176484179817616
-0.133897485302831
1.1849248736816
1.62786384212198
0.734776640268644
-0.106802460229227
-0.526213298808308
0.190714389943159
-0.823725412798643
-1.76127768800175
-0.838930629918888
1.07445175690954
-2.90780230715487
-1.76123470835604
1.66906323637316
-0.246724557126333
-2.05165031135786
-1.15349431162778
-2.45000513430441
0.897509440535318
0.575213101527287
-0.44709532124469
0.273155891504563
0.348095521290979
-2.11672435538352
0.168572333638815
1.13199179011587
0.596921128079634
-0.0638332039720394
-0.554414273004453
-0.278988797343423
-0.933565174901998
0.240160471182485
1.85374823818932
0.379037294786415
-1.32377907698988
-0.149192192640678
-1.15620867729102
-2.0690982062146
1.24846114645443
2.86891332876352
-1.21302338091447
0.0521057170724221
-2.30355670359063
0.720323977679504
-0.675893986801548
0.307641775178902
1.33333626237545
0.473944519076238
-1.83854991857455
-0.684189646411896
1.34620804958447
0.553116621964688
-0.128191762357335
-2.46797717053155
-2.32714429314496
0.727783024062665
1.94424788176069
-0.556003751325259
-2.86763347381402
1.67713799028557
2.08871207628632
1.46594413983897
-2.72296210357405
-0.95750006706535
0.576301374317356
0.134038370213018
0.948527479390927
0.0974681419083586
-0.683767485002515
0.0553457095036436
0.777536756922766
-1.72327159555167
1.22926164600464
-0.327571447389591
-1.40769915748863
1.56209048277533
0.92529970243889
0.123354308216371
0.139163285082379
0.0106570109316263
1.46705084617828
-1.00773393679709
-3.36716807828348
-1.03474721835267
-0.342730115411504
0.432551748552561
-1.47565126646856
-1.18196789846874
-1.54333300584581
-0.0421087149759363
-0.812802201010289
0.397140123602014
-0.402647767516752
-2.12409766576469
-2.19609711009005
-2.03774225703955
-0.441613881698071
-1.11230081533966
-0.831037233920888
-0.0613811671303724
-0.196990624518937
-1.64202578281699
0.0704289877848708
-1.01183768806458
0.86416309089358
-1.10244117985386
-2.65344457677582
-1.44396471364706
-0.0414335508506158
-1.78297474578313
-0.194300851355151
0.599461181197875
2.65540637778723
3.29968489324511
2.320374994771
1.38262488102796
2.15001208170097
-0.194694184887237
-2.88419307252261
0.556595222860866
0.727319812945671
1.0836834074675
1.03201154103198
-2.71155647073439
0.0586865883507737
-0.398583290296252
-0.0135341701785934
0.621451615314241
0.564520696507453
-0.565190203176346
-0.818571079125148
0.812481789198728
2.00895032311973
-0.709322257068106
-0.178568798981502
-0.00675215540235841
-1.91878666051836
-1.60334712587351
1.51045820388166
-2.6350626260681
-2.28405310523576
-0.345519793959421
-1.97346506545428
-2.28552306446102
-1.26479289736047
1.18961818273184
0.0790112252231486
-1.76919951971212
1.72401511702765
-0.0476071821079427
0.13001100280307
0.301363349338719
-0.115794944460114
-0.00765463471168443
0.0547759522165253
0.661923370769371
1.51231503353487
-1.65836650105848
0.702551693604202
0.922621290600932
-0.903378218024
-4.16352171296132
-2.56492203652712
1.34453237423841
-0.413398448450897
0.943345161268556
-0.995705312278814
-2.60717059918051
-0.927455065607907
0.442286870479746
1.07769233206657
2.60242431107088
2.33386443434627
0.29090929390644
0.327792822712897
1.64925616945918
1.74438996088909
-2.52306613386799
0.700487571060115
-1.7942845515921
-3.16833423295038
-1.12561470387645
