x
0
-1.4333611709274
-1.97557481872279
-3.31962423860114
-3.3876943982923
-3.47128240170825
-3.64716948710223
-4.55190430836054
-4.62731977538534
-3.95980373485683
-4.06577815016674
-3.20622519619849
-1.22584608703863
1.19056850921181
4.04741326224559
5.22198259948366
5.80238677243772
5.10506086200896
4.00850839584292
4.40635726906549
5.16296686644953
5.87503947065007
7.56743862841666
8.22457888258359
6.56171536170037
6.54648880628385
6.55573002876261
5.03226258751493
3.39128980493659
2.88769596400792
2.39772960866524
3.01696132246112
3.16153631706588
1.463808930166
0.151816064287228
0.0572100096355838
0.273733056764441
-0.736685808508652
-2.39732415627781
-4.97823437840366
-5.38047478963222
-5.40062525969971
-6.7377722403921
-7.87623607366938
-7.70194829465889
-7.53203510232512
-7.10424990335048
-7.8942196278851
-8.78672653242466
-9.45896499899542
-8.80864100456755
-8.87082474112539
-9.1382311930921
-7.75342598197727
-5.8146546102943
-4.45336579723198
-2.98591007005335
-1.4985668174394
0.272850609336463
3.51998543784314
2.84560011566318
1.85088496785527
1.48196804277878
1.96147257447015
1.93730318579718
3.31988371649201
5.25094892046088
6.34318117306455
7.14408789719443
7.36009319341688
7.64591325647358
7.88168626441038
8.72497112286337
9.69643544052118
8.81160786097295
8.46735628345956
7.51363897826075
6.29834979592433
4.91087489387432
4.23307579835416
3.42888876260151
1.86472551304546
0.938012135834907
2.54729129377001
3.30111579647549
4.45237191965729
5.00865986197274
4.06852542286484
2.92298186870638
2.25577847459778
2.00722347889341
1.9555284492102
3.16577989197099
4.99930618868466
6.04314063712633
6.32533006671575
6.26738668060398
6.67389243869527
8.67743189153505
9.8095217589058
10.3978146938296
11.2690533384994
12.2780967106737
12.674916458918
12.1960256999119
12.6530801004521
12.5560735419778
13.6390138298305
14.8825918960943
16.0399188872734
18.6832799616601
19.5127507003252
21.7542368567726
23.5259439135655
24.4498282977608
24.1009190613234
23.6061682752581
21.9470922457458
19.8616879751437
17.358485826137
14.3202100726132
11.555913336851
9.57234483185296
7.95458705609437
6.23014739868596
5.56777849590809
4.90627999426608
3.81996694507561
2.56828690356726
3.41303428993482
4.43859957410472
4.20629911561407
6.08320723061645
6.57342178566854
6.98183678318764
6.81109269875747
7.39628465690218
5.76355567778445
4.04389351525879
3.90679302243516
2.97443350692827
1.64301137649419
0.331005740721098
-1.63065367509406
-3.12731734976725
-4.11993781992708
-7.32091410200596
-8.17873588029287
-10.0947650192715
-11.8340656019093
-14.0505963819245
-14.473425480938
-15.7387651270603
-16.663192290711
-15.8777575120077
-14.4632775736332
-12.3852500802805
-11.3103883397512
-11.7666617470257
-11.8726536472161
-10.1242816809907
-9.71963483325275
-8.97891712342906
-8.13310025793988
-7.70659617067572
-8.7586131623842
-8.80630609088827
-8.3971328410894
-8.10150979725636
-7.71736491686512
-6.31040760709684
-2.91862412070184
-1.78597945091776
0.511273438482416
1.04904433911257
0.485475910398217
0.853682816002433
0.953267806582565
1.9570660970565
3.52662489027422
5.00574609635298
7.21803021352942
8.94569575102591
10.7458054333075
13.2596417482241
15.3420814781597
16.6027857423627
17.4747336524848
18.2253066613932
19.26266335513
20.9498954368897
22.3792031709654
23.088684754016
22.2566480643439
21.1074546901421
19.6606266155844
18.8157198165634
18.0782307803671
17.7052162723733
17.1534660034758
16.7382804809869
16.6996955973351
16.6534790090635
16.0556064042437
14.4360469033614
14.2258171978865
13.2316831372042
12.7952470979472
13.2096842990572
14.44845412364
15.2116727329528
16.1311577412946
18.2073826788933
19.7884267951388
20.573577551081
22.8416477843694
24.5258341606005
24.9244268753159
24.6991599527704
24.0128253612217
25.3226330670746
25.6271477601163
25.2555475886768
24.9012665156431
24.0338272340518
22.6852221200293
23.1950543939234
24.4544897070679
25.2901580583048
25.9044058865917
26.0043021864481
27.501085424647
29.2605272257252
29.9088776774422
30.5208229845349
30.0775691242466
31.0893469974565
31.7269242951474
30.2055712417812
29.8970983493038
31.5159443907016
32.4959682281068
31.6966510108024
30.5370825444043
30.8605066413276
29.0863330145283
27.449980379477
24.898590013334
23.8688317168015
23.1997526879238
21.4161458224376
21.3573642569347
21.8533792551799
22.2141714620271
21.4053568129387
21.918115356276
24.1210462305647
25.1274496487054
25.697715558687
25.4579386882431
25.519456875464
26.3071075567594
28.0640948276811
29.2136729772369
28.9537671381046
29.8285777761232
29.6487847551031
29.9607798604259
30.3337814552783
28.8423454420898
28.5504989141057
28.0102696745815
28.6617096966304
29.1913149935478
29.6305821821153
30.2519169522329
29.7306005741379
31.114761139793
34.1993718657228
35.6900871977314
34.851120400481
34.1473563267156
34.0493043300621
32.7307152947067
32.4142596402338
31.864889570134
32.0069723102131
30.9442975208722
32.1371235600483
31.9593782934416
32.0612326552416
31.4072212907638
31.6288869811074
31.3731257042339
32.0059662319903
32.007818148578
30.1903330249818
30.4554605901188
31.2406039295062
31.4103868321702
29.4308569861466
