x
0
0.334720637542344
2.45202959281074
4.01753447984471
4.52434366710194
2.82001517399651
0.903345111628698
-0.652311650940124
-2.80237253188702
-5.10541462236915
-6.76762541373141
-6.34792554768964
-6.50372627388366
-8.00923242170756
-10.4278630145381
-11.9131623128751
-11.6784797886894
-10.5640227131013
-9.19463926887425
-9.88053720831631
-8.53912641536373
-7.48656896558574
-9.07968347300198
-9.53159289652711
-6.61480415064726
-4.28659040378742
-3.90373666688124
-4.32246495344991
-4.77966125527879
-4.57091972290246
-4.24554544752452
-4.9332423725132
-5.08845922715742
-3.22619832627893
-3.00958828300485
-2.32281796007875
-0.916345615658339
-0.0347580734493703
1.60905979607775
3.15186826002193
3.15852333944993
2.79735093972519
2.52201455294054
4.01961984670332
3.333333508037
0.0818700551565614
0.0147455368641289
1.06952553010374
0.917607270571348
-0.00946192526355838
-0.617204563070011
-1.24000500186908
-1.04350997849797
-1.02843464328544
-0.617919088882001
-0.341506043227275
-0.553268843754046
0.734294792550092
2.17548703205998
0.891801483078439
-0.672246897823702
-1.98403048958083
-3.37686839721458
-0.976224722158186
1.75058460210969
1.0987047077984
0.237083768939794
-1.29288793988585
-4.00670028440348
-4.5256224375258
-3.8541960755636
-3.97137334362489
-3.98114205890231
-4.89545945811848
-6.36797664689647
-8.48598472638928
-9.01210063186436
-7.56450978913928
-7.52841291042095
-7.71877126981235
-7.17728770587617
-5.22566147045704
-3.61756884367305
-2.75654720581221
-2.46091510650636
-4.46070586611779
-3.01506554625862
-0.588389873571664
0.124420617467315
2.15357115933407
3.15366209676005
0.658625129531946
-0.80832398805949
0.606967684518693
0.974609086154805
-0.965337853587972
-1.4165788774966
-2.03904355931583
-2.57061913985659
-3.51714152638466
-5.51285520449244
-6.05066733923136
-7.33146726178202
-8.07700434148808
-7.10785750951753
-7.45968783178752
-8.28781165510018
-9.39218707650521
-8.41859380623104
-6.39360135343638
-6.78725189982587
-5.85254727287694
-3.46080124331957
-2.60650670287669
-2.18062480906015
-1.5712379538598
-1.19823745077835
-2.06150722901714
-2.20355412163555
-2.5538902715246
-1.88066877686476
-0.320495748468622
0.26134477863469
-0.0312804140329297
1.84616724029918
4.32401915162366
3.8669818270589
2.8752567755275
3.13079404149542
2.48155310067243
2.90986560149055
4.70200454469359
4.55084056892555
2.69644137934683
0.584962159612469
2.17777573018374
3.91827514703966
5.08215184042247
7.40671493701796
8.50243373065983
8.77204022768785
8.0102672283232
6.14691631064182
4.90720257492958
5.55743527619588
5.94510530662725
3.33428778663445
0.954613648557415
1.13177023843254
3.16753085075868
3.93078930735048
1.0429672046458
0.0420688982709412
1.0667193543273
2.20525853766466
2.85864220271777
3.56740347103811
3.32181556799265
3.09971603905477
2.22404406549489
2.45259711785758
2.94081907781636
2.46433814633676
1.94476138822989
0.114404275813973
-0.865880372743863
-2.82645181867298
-6.34657341987509
-7.69648231810127
-8.43920526142112
-8.66318734225832
-7.47249216125256
-8.71326369787304
-10.0642981805954
-9.88164510248152
-10.5068064579096
-11.0580478248106
-11.122078404503
-10.222350234796
-10.3106507992074
-11.0587207056235
-10.7403888482485
-10.5582644903949
-11.1029176189472
-12.2793416894062
-12.3972040671114
-11.201445895103
-10.7270014896481
-10.5092203486705
-9.67795946395029
-9.32684922176313
-9.36236398049524
-9.05363123601975
-7.79090503689557
-7.39727826044072
-7.12634643488922
-7.40287487973748
-8.44057136013746
-9.32048950152564
-8.68675351566576
-9.02940172586256
-9.87105878903489
-9.79433321078571
-9.48763192487123
-8.72152490644897
-9.07520990583137
-10.2187262639409
-9.63745152541382
-8.29734935099037
-7.04262660538005
-6.30875530217763
-6.3861569343552
-7.78660023964563
-10.1973589470125
-13.1204864223232
-14.9305499202207
-15.4720751840942
-14.6660444060932
-11.6334173823382
-10.6573746290305
-11.4527977858565
-10.2643167072884
-9.64362698225154
-9.48676077244369
-8.27369363586403
-8.47402534433533
-9.16664749761597
-9.90450954514088
-12.9989222551667
-14.67195863811
-14.2771061181264
-15.6063609265021
-16.8542285352484
-16.5997212118113
-16.0662535123918
-14.9770635776907
-14.1909508261331
-16.1868649860623
-16.4404222616426
-16.6587349001212
-16.7587183233179
-15.0300955985693
-15.229905602876
-19.0094447398047
-22.0209836659823
-23.2299571972757
-23.3354664096815
-22.5243067471849
-22.326450665543
-21.9061138217174
-20.7385689772265
-20.8935311907397
-21.5450401479926
-21.9881195564182
-21.7467006130368
-21.4122852684841
-20.6950677565857
-20.9079205126301
-20.9895277164945
-21.1495133198516
-21.2768007249895
-19.6724470208857
-18.8293165144132
-18.9403252276867
-18.5173617193362
-17.8788437401123
-17.9067170187115
-18.6043146624917
-19.4154384571929
-20.1515599506443
-20.3552026436403
-21.2855682662403
-21.4406822763132
-20.5211691817313
-20.569664790251
-21.7647487576222
-21.6219648752049
-20.4251345908257
-18.707595615621
-16.9832793745842
-16.4213556345888
-15.3335737602446
-13.2071264846229
-13.580280364856
-15.6115590278822
-15.3109371029919
-15.1530720900557
-16.796235932786
-17.7784742869462
-18.3457957676936
-17.8131324166333
-16.5434717063296
-15.8261965098199
-15.5138152347059
-14.3948874756082
-13.2025683104496
-13.4591223038808
-14.7551693997194
-16.5031686915393
-17.1620144626168
-14.8999161302584
-14.090180364069
-14.1470242168845
-10.6648269909857
-8.18611488289859
-8.46694307487341
-7.07030392457056
-6.22769766531457
-8.93654539490114
-9.75394512099381
-8.31922791573719
-8.32086501349509
-8.38573213960085
-7.96630762095681
-8.00079465348987
-8.2926944010506
-6.86348444262048
-7.1769098919907
-8.20850707021035
-9.4567392941435
-9.34211131936485
-9.03503327464467
-8.09304401316149
-8.83614849501345
-11.3237346145345
-11.1753990231286
-11.4991349219859
-11.6762659385126
-12.4249262278616
-13.5135851048715
-13.9096524219261
-12.6967683107684
-11.5054877643941
-10.9375846930025
-10.9761353792293
-12.2203061210814
-11.8951525133865
-12.0775915882418
-12.1089797543233
-10.9521865957645
-10.56177769084
-11.5053826393806
-12.6746666894283
-12.4636378379191
-12.7167989171078
-13.040746977926
-13.1503455426282
-12.9508907610514
-12.8039665958824
-14.3465705668929
-15.4566388978316
-14.9486488922434
-14.8180856274508
-14.6175067529341
-14.3833888975757
-12.8992471785307
-11.8527246030964
-11.8157592478029
-11.8955418848538
-11.0854603774736
-11.3399301052849
-13.7328116438943
-15.2999957753528
-15.4227094662063
-16.0606127155185
-16.3583586474335
-14.461661151899
-13.2226682623711
-13.1015805299528
-12.5692744230805
-12.1276621690479
-11.4785756302579
-12.7305076922137
-14.1701057796934
-15.2720092381185
-15.3997585740909
-15.129245387043
-15.7863327306292
-15.7628008788932
-15.2842651746819
-13.8238898982547
-13.7044957144918
-14.4561732666955
-14.5382308172577
-13.6360769748151
-12.9289691118025
-13.1336441133888
-13.3100386876569
-14.403713825087
-15.7864036558467
-16.5835574014402
-16.9091606580317
-16.8759952179886
-16.4060925626044
-16.6569103955596
-17.4264643627215
-18.7331239734042
-19.6507793301197
-19.5610803580515
-17.358599019212
-16.435146692504
-17.5709248306536
-16.7473954587189
-17.8336151465137
-18.9761457551816
-14.993292065026
-11.8276201326312
-10.979989791003
-11.8415879027117
-12.6853689396767
-12.7215417425028
-12.0728236022333
-13.5668597022969
-16.0617696411473
-16.8792905702103
-15.9500498021749
-14.0347594081697
-13.106136867281
-12.7789247141156
-11.2020757069671
-8.89483731669466
-7.36554357993123
-7.15528552698934
-6.3729524773914
-5.60565063042354
-5.23793035451093
-6.46079574290887
-7.87553247842578
-9.1561053601999
-7.47500316440408
-5.72862837524625
-4.74866887569166
-3.47338428715285
-4.44567996164261
-6.38131135729911
-6.8679944831423
-8.25194117285114
-7.73196861934426
-6.62573392372856
-7.1819878031654
-5.90479392111828
-4.98853522898796
-6.4677434168625
-7.31024537887502
-5.8044690533476
-5.07724977062896
-6.62982122684343
-7.95489090977886
-8.69420355473468
-8.28115789266898
-8.34267201418888
-7.69367058431849
-7.04654417140118
-9.50571791690703
-10.8741546160081
-9.47233181654957
-7.98681971759271
-9.18390677172688
-9.07504463918591
-8.10376501376889
-6.71573063409824
-5.33896317850145
-4.640923935166
-3.19050320162572
-4.4686491531393
-6.09295403060388
-6.25004291981034
-6.55920661164277
-6.05391138158758
-5.7200862793931
-6.24786355657463
-6.35734001151299
-9.38320628776922
-13.3250546871777
-13.4626014979328
-12.4256954624823
-11.5527829753435
-10.3093594812954
-9.04496840959011
-6.97102086727743
-5.64981924403416
-6.11865532336511
-6.95452609719689
-6.82647015931414
-5.59723463877886
-4.91387644446618
-6.4963301285939
-7.40828763514752
-6.49782305722019
-6.87385064818077
-7.67177421532553
-7.9570293667969
-7.17397973007135
-7.63836124029051
-8.7530811725343
-10.8357307856929
-12.3964652030904
-12.526072458855
-11.4840007485145
-12.4036431651911
-14.0473348576873
-12.3240026435776
-9.81561216595725
-8.94661638312045
-7.30362468636746
-4.18956988695516
-2.90398290174443
-1.38245616060721
2.00931532714547
4.73657018203763
5.68448086879578
4.31552136334091
4.03490523914486
4.66336913292324
3.6435451011909
4.2215541228999
5.54535232391117
4.87214829109574
2.45284090539757
-0.139954080251337
-4.27136080476446
-7.73236651874479
-7.67828580870013
-6.24535968516958
-6.28637780540992
-5.83664841823933
-5.75821755924443
-4.49031818360821
-3.7172398075594
-3.98600747051546
-5.05346074254097
-6.72373539093929
-5.26699954875826
-3.97492402772728
-3.96234959241717
-4.59887409237819
-4.81930767542433
-3.32343893794003
-2.77051010848496
-1.88518940037621
0.0323874882812212
0.973644393470432
0.00958744870007122
-0.754163304212523
-1.07698880982404
-1.86306744452994
-1.81147108182541
-1.38557454463131
-1.58280703622309
-2.23073670644666
-1.89595825947086
-0.47614936284886
2.44591473551307
2.13323232000683
-0.349359914689474
-1.82641887781508
-2.10569887191061
-2.13936186710011
-0.983932078983372
1.05479461210289
2.91272291596629
3.33602057679474
5.43362555470631
8.38053343448692
10.5181545927335
10.6937150916718
9.33512962113495
9.38101209127728
10.1740407760912
10.5767369023425
11.0946540592131
10.4787851633634
11.4604490048136
11.8685212791449
11.186495344262
9.64263705204327
8.67544593207043
7.71091296697195
6.432893543679
7.25828415072904
7.14347716736032
6.46755473452158
6.94209587221204
7.12021936622973
7.8128537445778
8.52014829049724
8.63069829586861
8.99867331360912
7.91749632428284
6.58112611218592
8.50214443707092
9.81945162660713
9.58119353099803
9.9900530239132
11.0576982629593
12.694744012974
13.661377066279
13.3949700999507
12.6161210282699
13.3963076273713
17.3954410501471
21.1368816226734
22.2750066275244
23.8230450503349
24.3704469494538
22.3469862859641
22.138129567315
23.5715051222178
22.9703998362994
21.0932401717221
20.4896228863443
19.3428395228176
18.1135344925394
18.8925477297808
18.856138030101
18.723076546836
18.9072311342593
20.1008201055919
21.0641484404964
21.6048804385654
21.0789242391411
20.0989077412924
20.5753895216929
21.9143272434787
22.8335328293543
23.3186008837836
24.6801511705703
26.9647341875686
28.0265262966982
28.8524740266205
28.13416918653
28.6252417328201
30.9128211768725
31.8828297518768
30.7370765188355
29.4381087758204
29.3287988387141
28.3536850330898
28.4771149041132
26.3757908589988
23.6213185019292
24.8260221143074
28.128306234081
28.102145096796
26.7947404660133
25.0117903780743
26.0604706767884
26.9858693707696
27.6818634134529
30.4405736309382
31.7801406872164
31.6313586852637
31.1906476001568
29.7373306777428
29.8754036104
28.825488118979
29.6359795205191
32.6593213516022
32.606796341472
31.3138438013085
30.3384002017903
30.7837862911528
31.4822466680879
31.1688346464089
31.0767340202126
32.2177040673943
33.7187259835598
34.7348925035952
35.9769565360014
35.628385034095
34.1859135297129
34.0024276489875
35.3184428687347
37.5046585002428
39.9212058707329
40.8065873035455
40.7432348481163
39.9596823172877
38.7260320349345
36.6807261438065
36.4206016637454
37.751742199425
39.3990199528682
40.5506124029418
41.9626462167557
41.2972939304969
40.0111854872878
38.8612629848772
37.6807361880881
35.5432382207965
34.3256334987523
35.0976159336718
37.0705716307357
38.6660711831428
39.3808957629982
40.2463655040017
40.2430078098503
39.702588447988
38.1456612378005
36.8089937997834
35.9204178311536
36.7521370075114
36.1255308967666
33.3280943118086
31.4328939668115
31.4993064078702
34.8085541393693
35.8438758543319
33.6943700112827
33.5807313490356
34.0566375498732
33.5884356965219
34.0062786888869
33.5623107141736
33.6141521868376
33.9786536738431
34.6398160075292
36.319875588343
37.9674954100928
37.1099283068026
35.0528352445711
34.1520438339784
36.7469900629521
39.3303371205511
38.3216180409842
37.1898312985142
36.155640414478
35.7610908120048
34.7230607326513
32.8753205458246
32.8564704615663
33.8985594936192
35.5721349207657
36.293785279248
36.6927586587749
36.349515557839
34.7741719823006
34.3357223480003
36.1586105611619
37.6281888831473
35.6680954457335
35.2569180678132
35.995957783588
35.2545688014873
34.5966480277242
35.2369019339911
35.300683844361
34.5905618494209
33.1156932830069
30.2253974000433
29.2381451025056
31.5378729386854
33.9313773018955
32.9383688713817
30.821329622997
30.4358979333271
30.2300279236214
30.721808761077
33.3387215837546
35.2228709491385
36.1690630104293
37.8581677399197
39.8482351213318
39.5002547007527
38.2709829474698
38.347164549657
38.9346900046886
39.0313826869792
38.2846091506995
37.3036288623319
36.2694882429312
36.8332567213913
38.9626029724498
39.9075815888173
40.9819191870623
44.913602549794
47.4869177715128
47.6130447703248
47.4172215209341
48.6505668316644
49.5974658830297
47.8670565797029
45.677398834518
44.3237514228019
43.1691441448015
42.9029391251717
42.8322591027574
41.8758576858898
40.2088673388403
38.2598341293137
36.5740840691538
35.3898591680301
33.5340141781599
31.6235419122312
31.4709635421972
30.9404375170854
31.9854294456828
33.5535307412415
34.4055413803472
34.7681984626484
34.0794167627312
34.9404618181293
37.1376512847419
37.8673676389272
38.2116777586091
36.1994438510103
35.0610439651016
34.869483845892
35.0375702427182
35.2305337941863
34.4002590661115
32.9707020513814
33.5955590000233
33.368924991299
32.6536986019547
32.4101096466478
30.0810590670875
28.632599780876
28.730248764122
29.18602492526
28.7393749351091
28.4022849854947
30.8182414777145
31.5087979218775
31.4589787917051
31.6332290244391
31.7853264132708
34.7677133253905
37.1893667450697
38.308740744543
41.5662285399286
43.4715742532024
42.3629599788722
41.5367283658965
41.4715843264451
39.3980268578191
37.0428695652852
37.3496746507028
38.0128709528044
37.0198443651383
37.1556915984823
38.447911547881
38.5522053910133
38.8491381065704
39.8498653086315
40.8776057819827
39.7499635622886
39.0126945298749
40.6981091062017
41.4940184636652
40.5374528560028
39.6619984058473
38.8565721044978
37.2698941172885
37.3934952470122
36.7056841294042
36.8951596143291
37.8262836830313
37.5067998781039
37.4486879302979
37.6871622200712
38.2895891756939
38.1843720455069
35.919062480606
35.6683138167499
36.1648524010442
36.6351843660584
39.2317629151506
42.4944161862489
43.9180804086703
44.5418877943969
45.1042042453767
46.3810380706055
46.6572650995958
46.7413249514878
46.6610778826555
45.8188253623447
45.4834463756535
44.5856413112429
44.1631520615184
44.9565910659051
46.243348881891
45.3774177560123
45.3468762679608
45.8055447199483
45.4287640093057
45.3879065598838
43.4706537960019
42.2891665497601
42.9338712819544
43.3465011756358
43.1162247704036
42.447920178222
42.5832211291226
42.2990296481273
41.4853973838001
41.6442411241807
42.3968290518602
41.6238554032612
41.633845604781
41.8156389137047
