x
0.279614153328694
-1.45677345993337
-1.69978165458806
-0.31336535149144
-0.00542192545223213
-0.414120559591535
-1.08727794404921
-0.843073743190217
-0.921485796926106
0.209217289723674
0.178779853370549
-0.127132304826591
0.734994176135086
-0.321421796352988
-0.731789119379541
-1.92337124596347
-0.215667718471278
-0.0382867669559171
-1.53698894340422
0.184802303282085
-0.150748849567925
-0.803356316377699
1.2792273151446
0.596557202579503
-0.160692954180121
-0.125883327176413
0.947892406475401
0.610973697212968
-0.0933603851549397
-1.22464002581242
0.481964997470216
-0.406314374210124
0.375279195898813
0.312877196811014
0.865224962140423
0.0396440752160016
0.579222999063477
1.03775388269593
0.013735058654089
-1.29070006654296
-0.443175584416435
-1.23465710530556
-0.714040475750853
0.686908387195398
-0.786299152327713
-0.406452589665028
-0.998948710464489
-0.762660836748322
-0.431479648168548
-0.437386871951144
-0.229093819082134
-0.239285085727238
0.213600934608629
-0.551074021964646
1.09787361893152
0.14604638803578
-1.05845058221373
-0.239258425053768
-0.21689710093858
0.156139756983234
0.172654542897568
-0.450031422104604
-0.268812870178524
-0.791073252961833
0.512293553085876
0.497938353872237
-0.0978864912762827
-0.863579925240093
-1.0211897629116
-0.274394490262244
0.796089739996635
0.418389108036853
0.081812477242108
0.024081771013545
-0.0305682605769994
-0.0847330965897454
0.436754118217883
1.04742355997082
0.643354571096486
0.145724194014797
0.317131543239576
-0.26732174009645
0.323731172091491
-0.848642562065682
-0.434378506795463
0.0536240735320085
-0.381764768337234
-0.00116803207774938
0.153591787051624
0.120757531151802
-0.12216110387445
-0.965427789211177
-0.793582151147318
-0.265597173353408
0.116929837549168
-0.222793330602592
0.238403759325453
-0.302304289841535
-0.180920313565319
-0.254450100374274
0.52259113961115
0.311781819804579
0.770428210371365
0.774168782604276
-0.712830244451751
-1.62770654237273
-0.0270350694184383
0.303774020253604
-0.408996183899997
-0.119941697579729
0.548270537287408
-0.970354641941796
-0.661901855456444
0.60343668002802
0.605102772253439
-0.974686436846889
0.286911599675613
0.790295149776357
0.332670273505661
-0.995579069438505
0.364582726200164
1.05669136088023
-0.256204163980523
-1.18109424337117
-0.14899903060796
0.305346938455548
-0.327021781683382
0.764118557471759
-0.695451336297539
-0.950243587950895
-0.00125740672368742
0.736288185976337
1.2382296836316
0.147747416428365
-0.292456883725165
-1.21898697175073
-1.08758778289863
-0.433839847707161
-0.771340502023964
-0.396377233945892
0.538158807193818
0.149450050805812
0.279717577159857
0.088676567485327
-0.00786891058251863
0.86232776509443
0.890335278556166
0.630702444707601
-0.78698000160663
-1.18926769573054
0.802698188203675
-0.122737856305062
0.914011510971802
0.773931344120026
-0.211285714743433
-0.851995083736351
0.473552199176456
-0.126373025812959
-0.11358670739201
0.653649858917214
-0.780493203354393
-0.735959443806011
0.172436909956595
1.40963469096887
0.91224926850768
-0.0617859034360049
-0.178670279804641
0.0986923868648237
0.464968239754643
0.600441492915635
-0.031752638010699
0.677164790107866
0.247432805790659
-0.973936159870401
0.274161406316877
-0.128386622996852
1.52983754342823
1.36695503894786
-0.0958578464303223
-0.636038294246714
-0.538458690320879
0.111376390934109
1.94632249999551
0.795440300894004
-0.0351772048167063
0.518097739060776
-0.154416815239375
-0.0696365768720914
0.625246492131818
0.273866365603984
-0.71553026502601
0.117947465927482
-0.351935562053144
0.512361466706625
1.05264271742755
0.625214422626493
0.437126440327721
-0.376246872954174
-0.771371698042156
-0.656228674331229
0.585540469024004
0.209562366960062
-1.6294356961567
-0.984691500522796
0.277030658176245
-1.05212778521109
0.0964556763912901
0.583581459393818
0.934462450386848
0.580665372422484
0.794326349265085
0.132498603260256
0.573671568528166
0.107667077361229
0.114799298101594
-1.04999643660159
-0.3368199344227
0.0362413710596813
0.290730448482915
0.165781363117079
0.799898005857874
1.47587921090495
0.595160184968767
-0.767302712723603
-0.554462399873675
-0.833229396142991
0.206790662560669
0.192883713265626
-0.608930726071223
-0.484915115732419
0.335242595019439
-0.63174553401749
0.375129895514017
0.400993263658429
-0.24363226739815
-0.590315160037433
-0.580258262763606
-0.467473003509977
1.03302240722656
0.346965916026071
-0.851893807615821
-1.15269459674546
0.220991758667354
0.163926317833931
0.277697481380296
0.546046101431921
0.348591457031887
0.545884291126303
0.314143680847983
0.29916697861815
0.353318048261536
0.0971087238131027
0.375592685654546
0.760010505549108
1.12829000632236
0.455876709584141
-0.599687852394565
0.16096147584602
0.0252386241824283
0.440873283622373
0.328963984307991
1.14867966577984
1.20604091704658
0.669049008691186
-0.653642947038865
-0.792133965509777
0.0767247847942961
0.112623152108669
-0.180653896794052
0.0735990741943789
0.762433719175369
0.289501584848352
0.153004667453922
-0.667464808872809
-0.871713487335616
-0.969320954778952
-0.206896738088092
0.888890486739847
-0.115204715294409
-0.141089592722115
0.19362456759005
0.661152732192831
0.733527784783709
-0.731098259443315
0.0489104706043626
0.563865365396627
-0.492424962903549
-0.636730837658448
0.351235539755583
-0.0605594310048657
-1.9798766291626
-0.937293505343233
0.668134309986366
-0.0382779656814146
-0.291896380923392
-0.283936799596819
-0.165263661036218
-0.640138569783709
0.752173668299383
0.736168773118683
0.238366446624326
-0.660958960719859
0.0969666127166854
-1.05741509948085
1.09651491695556
-0.0754353735951692
-0.0251398767982989
0.23154654947055
0.83711907736923
-0.0794336566637772
-1.08286908335562
0.929725431284549
0.969315332454094
-0.564111540667164
0.0870544454697504
-0.169982767238587
0.55857516249165
-0.101796490792183
-0.790129627001016
0.357950126720467
-0.0933202570450209
0.536478811240935
0.498193207747387
0.772260011808582
0.0654533247167216
-0.690678725446374
-0.592687203245116
-0.37580565264684
-1.31948089981392
-0.658440849827901
-0.0323156598841505
0.108645164475034
-0.276115853956912
-0.0635903400422683
-0.261597526490983
0.738493434589851
1.18841740712867
-0.381245781838028
-0.736215829898131
0.20580315434209
0.363828535170039
-0.116344130268684
0.395808360216296
0.56401275325624
-0.462463507909749
0.153326471832134
-0.0935083191697679
0.670098564547461
-1.48304414754564
-1.21884098980092
0.149478255999959
-0.868815999909732
-0.990983273577443
0.739154605457803
0.471445783740896
-1.05938907902929
0.830338950752678
1.10729682557303
-0.926894766211649
-0.568293208253371
-0.000434337642339841
0.284610818989
0.49194676571381
1.72166826590512
-0.522074733944656
-0.574417665027788
0.102092415217565
-0.287534494510272
0.457710436478709
0.661004690902821
-0.203631408487762
-0.167773687710217
-0.159867692907177
-1.07826935954061
0.117312631527115
0.614279614698656
0.354946420379673
0.102247940021102
-0.500759370041783
-2.16958856302324
-1.14472887628024
-0.0234484849859599
-0.644836909726339
0.591006597494055
0.120792527266214
-0.0849028213849773
0.411927609021125
1.03908292238869
0.746439777693982
-1.92908747919043
-0.433667234206164
0.451162385179606
-0.217781480945532
-0.352555506821014
0.0625909432847487
0.0436115287609248
-0.778325674695138
0.280513681763314
0.583914042629034
-0.707624565476596
-0.321694089742184
0.216839385850986
-0.693895672221533
-0.39189244010961
-0.902016789720676
-0.619151996071348
0.266283087712127
-0.170930806647353
0.250980403854882
1.36372672717889
1.06896295068186
-0.597744687005624
-0.939431483984922
0.281733314834678
1.08101106715197
0.0491548410291346
0.972951975921265
0.776156168519576
-1.53939518723466
-1.61472488343418
0.310170517318934
0.807169070289631
1.02121142738876
0.326028234679824
-0.717406585069695
0.374636394899589
0.225997453409589
-0.0744648429078547
0.168921391934774
-0.0935261107831111
-0.370349172509621
0.0521251859427297
0.474937425627003
0.148049069540611
0.417020028164489
0.751268210098701
-0.150496813081029
-0.687554023893489
-0.0185038559273004
0.812223351957109
-0.0993383513183708
0.176627526960289
-0.421179828029617
-0.36280321520646
-0.719036486910128
0.275096430912227
1.23925344394355
0.171619412861987
-1.5118187700541
-0.428913646946324
0.448227053084047
0.275400807616181
-0.789301430492534
-0.102437253370012
-0.109027015096733
-0.0391199880331079
0.561579128379653
0.332825470942523
0.607271746633221
-0.514243759775417
0.293767330783966
-0.233606717342467
-0.88647352427346
-1.1351680901418
0.494043697664339
0.685747876274902
-0.330069912449796
-0.703828263228249
-0.00183019022940034
-0.776864655458705
0.453375284568508
-0.263412172800663
-0.0674030427445636
-0.927591646670092
-0.738274691960909
-0.0796852479302092
-0.680083364020496
0.488086953076868
0.458040862637449
0.0562242985228985
-0.824474426258179
0.955068617540523
0.923734522575214
0.805995914271035
-0.97169662092994
-0.750578645038563
0.471931827212627
1.75761878239771
0.0621216481567375
-1.35915247948985
0.325972348825777
0.290682689620741
0.308756436545006
0.472661075563869
-0.820078035740634
0.179035514040486
-0.364909864152381
-0.041327884760456
1.89347403533825
0.561637969753336
1.05278139262505
0.200229159439491
0.170191545240867
0.713028850100123
-0.551702442344974
-1.3134208486988
-0.814187879245107
0.623945634020919
1.06744594232286
0.97630339866493
0.736030304444352
-0.162885468981559
-0.374352833218073
0.0324260087234947
0.841355245337475
-0.124450328119296
0.056456119001679
0.670670176714944
-1.48046514667131
-0.584315488280788
1.3157461798526
-0.510333744148869
-0.781025271300395
0.67132561025236
-0.0603191847209218
-0.536411416479208
-0.0501041070070083
-1.33613848231946
-0.189316688968653
1.73778143270774
1.52963328471679
-0.879046328959992
-0.17357605326643
1.29190177491689
0.526200629175183
0.173624529802621
0.324016209730558
-0.111058505981336
-0.386865166258441
0.588969193478182
0.119332238632314
-1.10081873242256
-0.34333409920957
0.978862282059556
0.614485218464022
-0.159009551193943
-0.635430287293972
0.274280694618434
-0.570837948548686
-0.113696040673286
1.51513189239642
0.248375730402641
-0.523981538609777
-0.0930231220759659
-0.853200972840689
-0.358788395839867
-0.593477419832879
0.044108627863485
0.442143163241986
-1.09293965957349
-0.299999051306251
0.0829522666672031
1.40815444007082
-0.116053356631768
-0.492344541261192
0.366739885862066
-0.874252866236774
-0.0704000248183035
-0.578743323988727
-1.04872333819467
0.312309739873731
0.513089121005512
-0.069284439885012
0.276223926539829
-1.09826461432758
-0.00769917265953918
0.415209081757434
0.411572763226462
-0.0219980499347344
0.315574407184692
-0.293691202526009
-0.434849530123699
0.938620248442085
1.49357216072763
0.438642951841886
0.350604780297185
0.829796544844082
0.754501777088692
-0.436231794787595
-0.462107581339638
1.14805220680491
0.512022498691784
-0.685796465403546
0.110424141967509
-0.0700698415237332
0.846741377260272
-0.0175340782946608
0.907454726334545
0.59003858780984
-0.0919064160659917
