x
0.11046707343534
1.85068067113915
0.795713296303776
1.15238915538099
-0.117789049068986
2.57598099236235
-1.58460086448642
1.25322346468802
0.87617137967599
0.205585493873029
-0.981351766465699
0.643429847695467
0.716677421540266
-0.0995424325915496
0.38576153948282
0.918150175401944
0.808693491717223
-0.00429036481151518
0.00664632132484774
0.116751149928383
-1.01752995853367
-0.143145895217111
2.27694792455585
-1.70578878130111
0.276371795736867
0.0179331028184587
-0.387238877735157
0.851189615158366
-0.657432930228569
1.79752326228308
0.0177489450538539
0.677170968810404
0.732516398762505
0.398977978668786
1.73140544560699
-0.585614776808461
-0.0715328535512981
-0.0749610813604691
2.22577873523139
1.15185488914628
0.126119946237269
0.310065440658675
0.921774426390154
-0.347318008888648
2.01388896025386
-0.677211516825714
0.88207281278308
-1.73634128000014
-0.219276613375054
1.42711638179153
-2.05014188847949
1.66012423783754
-0.390774564853713
2.11036712650088
-1.25527469165733
0.116095185217961
0.032818547471772
0.841779548498845
-0.409919852496967
0.684818996896358
-0.240469127051652
0.938628779499981
-0.91397938409578
0.380406740618614
0.289061019168557
-0.447436111760021
1.10295350818395
-0.914504999051103
0.529461178341021
-0.0990236154430641
0.313767258336707
0.550077117471956
1.14229735152326
0.615732030690233
1.73383978844271
1.70428011344557
-0.417206243307332
0.455184076693759
1.3806792641569
0.729119801522293
-0.882154860998369
1.57456706859366
-1.66693593063203
1.21183445593085
-1.17830307130148
0.249378399452045
0.76701721451175
-0.713209350174238
-1.48331665021335
-0.634151417050854
-1.34986237829266
0.486646176154041
0.172961145894099
0.987743387121623
0.258144819752749
0.0512812053719222
-0.426732609176074
-0.301369806135976
2.05797497394737
-0.492624451009911
-0.660706932601511
1.02545858943048
-0.92393838922874
0.975163250647705
0.151410277368594
0.732889037765517
-1.22787144748564
0.601498624862434
-1.65681638251885
-0.834988594143671
0.108506263901769
-0.313115872258527
-0.440412884192116
0.110467570008414
-1.66953673080659
-0.341302326595053
1.02862417201217
-2.51988986156949
1.4056169435285
0.332873945119855
-0.318975995272876
1.6438564061991
0.128109976278271
0.00828032261907302
1.88945752499639
-0.849756736223334
-0.0468848531950596
-0.239473654378437
-0.411290273964595
0.48577061257692
0.429623082823028
0.188906708576255
0.704998676059414
-0.637360728644198
-0.993316440328113
-1.42735607644638
0.780923448970279
-0.52397635124669
1.81808818872824
1.72181694586773
0.962406234705731
-0.458018427642347
2.07408233907624
0.769700758677457
-0.590867913909923
0.284629490013387
-0.698002396829327
0.363281923846186
-0.302047945218183
-0.0141736547100058
-1.02076038744714
-0.768448612469355
-1.61115644798752
1.64415789996669
-1.32470002372267
0.78138502899035
-1.26174142080161
-1.12587718515461
2.18326296250984
-1.49789916289822
0.640557075183729
-0.0574248293745214
-0.171171911927477
1.05407122490684
-0.729497345160939
0.466439788196992
0.145781125415916
-0.211130260819995
-0.161167852374572
-0.738446449954922
2.44874787995505
-1.87092298688166
1.70565389390591
-2.65783962521105
2.3799226282261
1.2766404240912
0.631842166184052
-0.213705733428149
1.05739508069084
0.897089131020983
-1.05386160880745
0.295496503545135
0.0975624911366413
-0.264134770151211
-0.48333157609056
0.898055461960776
-0.511063523625989
0.957984898200031
1.19491380547437
-1.31608539867333
0.976687052645465
1.95526349867507
0.58984506114634
-0.665378280444096
-0.542516307826224
1.09471403803862
-1.23201808258587
0.305224008142286
-0.795791269419995
1.48048967541641
-0.078224502074243
-0.905363718313125
1.42765702367792
-0.554964257226793
0.356818184764399
1.38872067468346
0.816849276575366
-0.293776668892804
-0.575997720493635
1.48244164076096
-0.566880824271681
-1.77901816040346
1.36215671908919
1.85572347556725
0.625636750779358
0.553944699831741
-0.622182996401885
2.50054011944183
-0.436856870047932
0.736360021993997
-0.114205063228429
1.08249174610682
1.17145861176229
-1.71560881479794
0.86781334921571
-0.527063213628822
0.56026056083806
-1.03985910995273
-0.657501059771777
-0.35295507364791
0.0969917750823557
-0.791833037761271
0.266696509245803
0.0735833246351004
0.67271871412148
-1.85191899912253
0.291709752519696
1.38412379713041
0.429091024800828
0.13864433342302
0.888403766057145
-2.49219050868524
0.763770340126541
-0.947229604951057
0.838487903914432
0.224909965960298
-0.0921137298590666
-1.27001139892361
0.801983275064754
-0.83117288970114
-2.56990412251453
1.09200251680292
-0.917396001566161
-1.01859082660125
-1.54499502223597
-0.0445724648654072
-0.147650298286139
-0.967556422825784
1.20305901119662
-0.250280543181456
1.31086737957128
0.64765134586691
0.0222736915257483
0.657855947385062
1.58730800158849
-2.36214620721635
0.103871273878889
0.202580579284061
1.71995714189607
-2.5759960523144
2.98468592223278
-1.16718792159711
-0.148489149429876
-0.598554926380356
0.350248465719787
0.0333047546199963
-0.0366542761176228
1.04722967239358
-0.988363480111965
0.921707479233509
-1.34950599123569
2.29800538072516
0.0767230339423303
-1.08902299027375
-1.11034099703556
0.886745933744672
-0.62728935862323
1.24333309759856
0.261887986492728
0.213927286115233
1.16827289940985
-0.646821864637666
-0.435099182798503
0.458120807652245
0.133601022857512
-0.301679661278988
-0.857250018918789
0.278924614306008
-1.01715758005895
1.3898382311323
-1.39632785653702
-0.671444975209044
0.571395245012534
0.847392608295394
0.00936132746612461
0.466826430024116
-0.483612730178948
0.753506681603643
-0.451392099644443
0.918772547396874
0.427513589878112
0.581858775382136
-1.41950504156689
0.933629474259028
1.63510958031199
0.0441148721097481
0.965468327048688
1.59843999977797
0.572621420729448
0.549748558827539
-1.70625384778179
0.277043436574717
0.667564187638211
-2.71733710652303
-0.526510596850695
-0.39099655040838
0.0850995204256147
-0.322620444118744
0.108207392361321
-0.617871923511629
0.660822700407289
0.451093283447113
0.198255683070991
0.105144046163746
1.31696056882354
1.95706650522097
-0.544166499992441
-0.0355291069782967
0.460403890120483
0.101931810902514
-0.765711772234734
0.758280680520024
-0.0729825641092088
0.942591282736142
0.388089684529391
-0.726675358955438
2.52071670809308
-0.178923514711604
0.083539553386713
-0.45736812280276
0.134365516689866
1.10508051216574
-1.71012797669378
0.776332014876339
-1.41278740121413
1.74697974850529
-1.47077487170261
-1.6444144648537
-0.270541371244409
0.0533650647928946
0.786106648146953
-2.02305511628697
-0.141846608641109
-0.661935594108007
-1.15593127489183
1.21689359930874
-0.118944692744858
-0.84089085796779
1.15838947367931
-1.10570862370348
1.0829133789038
-0.615579917096336
0.814951125062329
-0.111441115452409
0.0793749532388561
-0.583941437460035
-1.62473460440155
0.507892588285485
-0.215079567182081
0.68468125187848
-0.402697281185738
1.27642274073524
-0.985976996587497
0.113112174106943
1.93041335356904
0.273245398135921
0.844907481783522
-0.600872184990033
-0.796944474241961
0.232522679363488
-0.666288322442761
-0.792558184818599
-1.2406671075781
0.355811890849257
1.41857902429524
-1.77207859444038
1.36526886526393
-1.04425665187376
0.52433069684285
0.500887709514897
-0.250930523037203
-1.56872781961617
-0.237583454285574
-0.0149896066942699
-0.699109599981105
-1.34772603410207
0.491809675916056
1.12717480320008
0.0966842856223354
1.01838135306266
0.834891547310689
-0.110822424265338
0.588275917440147
0.701820189184125
-1.64775300090748
1.24230867790822
0.0244218891798313
1.75370531394564
-0.17270615431598
-0.18681990152937
0.641328890848267
0.464185268488191
0.385677045590465
0.153309192291465
-1.33986020917215
-0.872895394857078
-0.629832340742667
-1.51046651104466
-1.20540393710252
-0.456417382499649
-0.929012832611531
0.361332142439489
-1.53392793776648
1.60951729510825
-0.680054592433913
0.191288781496336
0.136637096985239
1.79070758317566
-0.884542765815516
0.922558912150801
0.62260915192507
-1.0621942380451
-0.730185062041133
1.62586188470037
-0.813466936554992
-0.424642008488507
0.303493250456258
0.0969666628621143
-1.01915911448347
-0.571099148340807
0.056584504230817
-1.44178257481959
0.104957957621208
-0.753785623946636
-1.75816324275178
1.10301407364245
-0.62922248429025
-0.849529477315331
-0.659713250174419
1.95606544698406
-0.416538355040959
-0.79872699628081
-1.29949267184597
1.56831472630525
-2.45193284487924
-0.125073551403123
-0.0309785563631939
-0.681998372414277
0.329500977983647
0.789025424057347
-2.14925938258312
0.592425963244339
-0.419602917730636
-2.23803627522
0.752708160233504
-1.69807937847369
-0.235462794208121
0.541190210067934
0.900319813043472
-0.90468812981496
1.71170786081271
-0.721691852411554
-0.170784478887352
1.35238106305713
-0.665296503503287
-1.25429258934734
-1.51305831873814
1.28715907713886
-0.944758132067389
-0.567516375291476
-0.50449776867255
-1.10323783169629
-0.833066610652877
0.626645715335074
-1.27624292253441
0.367719120857485
0.528002575412504
-0.0203551120380121
-1.26002374950082
-0.302970620459632
-0.317148057009062
-1.33512100669728
0.250410717757382
-0.0979019601305714
0.463129125297112
0.41057723184962
0.532725313184125
-0.718781283566434
-0.125367471647676
0.752973052413863
-0.947023193273303
-1.01177098746624
1.28624549451332
0.275344120687501
0.780083357585851
1.25465597647927
-0.940304487233369
-0.98701393500561
-0.527513137840956
-0.876793715269892
-1.22133273184963
-0.546078908261281
0.483919893668234
-1.18559597355608
0.620661207770391
0.360718294127156
0.155150416881848
0.512561370580451
1.63074003393977
-0.93647861964591
1.16255829696044
-1.15115478799637
-1.37141313890421
-0.625019524644932
1.96620331389693
-0.262544652665101
-0.11914653203717
0.292224917175184
0.3233327022838
-0.418385306938523
0.795736871741819
-0.531501250422926
-0.174602134151228
-0.740559297242522
1.70798636629087
-0.895689933898905
0.83973294083307
-1.0174822415718
0.00101995389571566
-0.540485802665878
-0.338111027561334
1.02394898975013
-0.380628726605463
-0.47256294511198
-0.677646574477492
0.330258389843118
-0.532589480951896
0.259213954382285
-1.29205540838512
1.03496905065689
-0.922722527870381
-0.615790849123635
0.126975912161227
0.447372889917802
-1.19433827236261
0.562901687583861
-0.364917943714491
0.86603489169378
-1.32508012630132
1.21074750939701
-1.94864763302708
1.15785233581812
-1.38104677336032
0.586153952429707
0.56182354154086
0.313429183411314
0.277764971620201
0.202153170250444
-0.200758128254732
-1.88346375867864
0.838468065866548
-1.3183519581521
-0.0448470211403315
-0.60906384632156
-0.822244493633646
3.04539220316308
-1.02637912999589
0.997664908286511
-0.228922999801894
1.94919572086727
-0.831877668837013
0.61364833770098
-0.324814590519999
0.392746534957248
2.1104602259669
-1.58949909554366
0.812734732021712
0.573854654198494
0.91490617889294
-0.639559450432676
-0.185574484805256
0.343488986317071
-0.157488230262694
0.0496843348841556
-0.743629717819941
1.00181681489201
1.58355161901881
-1.53051864283486
-0.501594575063499
1.18193872807035
0.704523026239307
-2.04691537033091
-0.452070740455724
0.194501364061574
2.40483925926706
0.014435605490192
-0.487138785234044
1.91931627924881
0.370696238578428
0.498140706881165
0.455492756720553
0.973680423663402
-0.838790892730396
-1.17452907248826
0.430189872089273
1.83574536000932
-0.789750174886724
1.57283842380661
-0.163624985455342
-0.604334792034741
0.169126586212408
0.467693643614669
-1.23277877695195
0.410225228260688
0.55315688441829
-0.765337494263824
0.0466985014778543
0.584013822203536
-0.465597047683569
0.222667327102793
1.54896941382875
-0.380521450754273
1.32709758496772
0.543634902404236
1.19361507788041
1.6190248548247
0.518908344669164
-1.08757230600987
2.48071330335062
-1.52706299228075
-2.09235816412108
-1.71235269434641
1.13109956404332
-0.24700652675128
-0.975528515535538
1.2805920779623
-1.43058039461387
2.08399373498001
-0.243860743617326
-0.740078934752053
-0.705570106306764
-0.572468027744079
0.217522135862155
1.35410680614015
0.593909917235541
-0.772585140132232
1.48063761069508
0.525734902566946
-0.965010792980907
0.985574151995125
-0.35614982890395
-0.917945615461826
0.577588698131459
-2.46748259978269
0.865678444866409
-0.193211701449658
-0.366142423838822
0.26825006235867
0.27056632209049
1.48939759696739
-0.108597136783057
-0.526267242423771
0.666916914951321
0.157428058787908
-0.447625936885751
-0.897413668692723
0.554771199969094
-0.670776780592097
-0.679320245062729
0.178139139915996
0.414829156930156
-1.23382904646634
0.190943804069402
-0.265712825731921
-0.547819999451965
-1.13066503024302
-0.468740014150336
-0.724897393635875
-0.903684297342746
2.47964413249617
0.928827241739727
-0.679251377749192
1.50524900059093
0.350522324995777
1.19519747868468
0.094878059048421
0.160053099573235
0.398465937914905
-1.75395811078915
0.44076536705552
-0.804752853839773
0.743355650916031
-2.0127986064261
1.38870020744295
0.67925585877976
-0.57411853178746
1.27173912058556
2.07604247111227
0.127792087595759
-0.120922897974443
-1.28283893282604
0.476387462946284
-1.12313555851467
-0.774868022390218
1.00205049227056
-1.00663191871979
0.82069265873115
-0.235908312122936
-1.10505745664267
0.02283785987897
-1.67998514050487
-0.932646217465071
-0.258920140196907
0.8160927715129
-0.0806693051360527
1.60419385027803
1.63828657686466
0.724121095297797
0.640683791561369
-1.19074123532554
0.998241925016317
-1.32262790094356
0.254942876024498
-0.144243797753256
0.694523670293435
-0.872047169738529
0.989819630974539
0.321584611590919
-0.971557905314156
-0.44409081511002
0.418617100257873
-0.0517189662623838
-0.982549397276402
-0.39378227794182
0.100803131650292
0.118480006111403
-0.735879719750265
1.19550224593829
-1.2205478694949
0.137322411636919
-0.506869687566352
-0.470979475704854
-1.72318827207379
-0.131286396695179
0.084505784763075
-1.59891934073814
-1.52527286515824
1.31077592357453
0.359275740909812
-0.556630288967434
1.21599911016103
-0.645878276352435
0.0738880592715289
0.844299108893758
-0.719508055313963
0.874064045147353
-0.283970143218189
0.444427730575224
1.04443897192895
0.424127756403939
-0.26190587774828
-0.792403647162148
-0.209511155196158
-1.04870017158442
0.600588697581121
-0.561757485146655
0.744383697469028
-0.0396202166641484
0.434795088594908
1.21914515549239
0.430532044497683
-0.900996601074092
0.242533091205926
-0.31138343812646
1.8898027156628
0.139879992656729
0.614376122299511
1.00072654819119
1.79319407498962
-1.05648394008927
2.38346953874094
-1.89946232769157
0.344226177619059
0.108171832146378
-1.32405286537784
0.356066877091068
-2.37572349480334
0.879455760483207
-1.92426673449443
0.654769888269065
-1.0258855755484
-0.00902028678610298
1.53109635774439
-1.4770289190558
-0.602568186581533
-0.539283178176846
0.45659429781317
-0.564695044158301
2.17554163553367
-0.53972497005842
1.24139192864639
-0.476159265782783
0.31839917313767
0.731145067948145
-0.94217632798988
0.889980645138679
-0.964534802491196
1.98471488936091
-0.23277193872689
-1.57485653994164
0.19923650614319
1.61902129328473
-1.44200389940462
0.236290499061113
-0.763788955009619
1.0526867978841
-0.930727924358905
0.98295140307888
-0.489248329507211
1.26708459459502
-2.69674681090411
3.56341456686214
0.885845287297913
-1.16270938630176
-0.591330332451288
0.779278602769729
0.601529614840428
-1.83716314001126
-1.45181237247994
0.383001631262995
0.76109101812341
-0.556668871337793
0.00614610527169815
0.216340858189069
-0.241089059394251
1.20536610699761
-0.405834185728781
-0.26440230884409
0.58465010847207
-1.07581179036941
0.846653141039837
0.273244626803666
-1.53796159013841
1.89234169722625
-1.94651313966255
-0.943799888141835
0.611713040127125
0.373814875343339
-0.82797722361924
-0.879196377050208
-1.61010026835165
0.487248958617204
-0.216174185256055
-1.13704141878456
0.449393163276753
-0.94416652969028
0.996414042039464
-0.354037172077949
1.56463155411719
-0.374951461953048
1.0815468826509
1.93106593004079
0.255800279684837
1.91951175582957
-0.591860292269805
1.40332799851149
2.38734237655387
-0.722654545907898
2.13564288742425
-1.38108992252523
-0.382477137433346
1.53549759110676
0.168235670511571
-0.69386291648277
0.44354666324795
0.412780367697685
-0.533045076139208
-0.056038317595275
-0.482847322768507
-0.789192760661491
-0.675692475265539
0.187783919268968
0.293853526998579
0.541601161718665
1.54535209076442
-0.960934184611682
1.63173084927022
0.898991983466319
0.979518036591888
1.02589578960347
0.188662821320674
0.21299865544271
-0.780150125828463
-0.252268150375918
0.21268301144936
0.919105992874557
1.37289565098715
-0.218779166127024
0.780779481707401
0.266992572468225
-0.568696021762906
0.515221175018904
-0.306643540725441
0.0731977348791533
0.513356693868635
-1.01045282443153
0.465410974377767
1.12446400352141
-0.321075659194433
-0.358428371012516
1.72318981982132
-1.09975240029509
-0.725696448924352
0.508655131779488
0.830291723478476
-1.51696022364236
-0.966899074101647
-0.348353010839585
0.302057347940241
-0.776548633362995
0.178574664086353
0.389723760647211
-2.28753894116622
0.320521317034929
-0.743402281345975
1.4296874301944
0.562281631489501
0.145687331037339
-0.382382900710045
0.304229218857145
-0.327698577679196
2.32711499277319
-1.42794463012655
1.14281596125295
-1.31959902118107
1.24161168389133
-0.0583530277286032
0.416253415670652
-0.275462536786499
-0.18640867975532
1.58504220669896
-1.70430173963491
0.962553063895439
0.0894659879700261
0.454942014711075
0.20965239592656
0.453674369108061
0.371514611476012
2.00418354075719
-2.06543645883228
0.424775822025014
-0.435534132812305
0.481511529260602
-0.473557932799208
1.82462497285382
-0.715703834714756
1.62509711713373
0.739345525006938
0.828718946367713
-0.125148997253899
1.01590638020155
-1.51122773610233
0.991183047513594
-0.5011662554731
0.575387242026519
0.0957514995292564
0.770240972421401
0.383332011809455
-0.936878491836127
1.79093486515853
0.0115409030876904
-2.38021508036659
0.431855928517247
-0.0525969186594157
-0.00960010384574581
1.28428337525749
0.825439468524044
1.59538252719594
0.609565495235856
0.953462504800827
-1.79304551546765
0.532296006930235
0.13557057024282
-0.340478439962306
-2.07733872773572
-2.19892567955433
0.970532096739203
-2.38425660893377
0.590764123326485
-2.58506673669072
0.98181391352673
-0.729808783468969
-0.976405936717838
0.708755283063022
-0.386154994314619
0.439203471359362
1.34617678375319
-1.8121754017588
0.453649614704361
-1.43475721018936
-0.04670978052433
1.58456508087679
1.24760911408266
-1.30148432466924
2.4679508654428
-1.64310356622297
2.97302002792572
-1.29621427307849
-0.635999725355458
0.134042648133693
-0.469818763380383
-1.59003712089715
-0.535975102233322
-1.72569906384555
-0.608136931488082
0.409077371627457
0.562637465688933
-1.18642490763925
0.313118403538838
0.394779424827741
-0.256095902883586
-3.02031661786355
1.04267870109734
-0.752218116377509
-0.35619122666002
-0.595963361912894
-1.68420979270294
-0.122898207316707
-3.1417226698882
-0.134328333870864
0.0592707847242766
-1.86601781593763
0.358457050216375
-0.4501616957893
-0.297029898427143
-0.252141422113699
-0.432513794117059
-0.0695664418861762
0.428875417473654
-0.185076250104641
0.488106644926566
0.298380561051783
0.325030871831929
-0.321264060358454
1.48904814044506
-0.0956716513881563
0.289886375128122
-0.435334732839769
1.03295138288784
1.15732005548779
-0.919437760914516
-0.618454121870839
-0.774804098383314
1.58438884272222
-0.169952297719761
-0.467590846582932
0.0484683649817567
0.0635884189027674
-0.469995538533736
0.241031152670608
-0.19978216821275
0.302769075246215
0.101576892403808
-0.735388617280417
-1.91590510081804
0.0222554466178821
0.460969196718675
-0.963452037200534
1.11410498197704
-0.99519153759054
0.973367052892826
-0.0271961615768047
0.48603941909583
1.2973517809909
1.47030039901765
0.196482351640747
0.642089272467639
0.0284901463711704
-0.429639895070016
0.416852583786248
-0.905773128270941
2.29505814933717
-0.581402840216916
-1.46571093448995
1.63591288441115
-0.558448098395356
0.602501466696461
1.1987125102396
-1.2773711478708
0.983520900537483
-1.71939343175683
0.788832957175273
-0.758905550379704
-0.23138020359873
-0.0151147211038098
-1.31328932636148
0.949858238761001
0.796647040729956
0.619437648951411
0.425113164899315
-0.712865292291015
-0.395958198692143
0.710807495330525
0.976118051784016
0.618496637040152
0.659166343773794
1.72884082769061
1.88834815077871
-0.310344078621123
-1.39199552425215
1.15949047881974
-0.970362999336565
0.208176140195022
-0.795957684060055
1.2857130375747
-0.884785075461289
1.07614133681198
0.246562450933462
0.622907975214234
0.577382165736981
0.105347904755308
0.984654098839274
1.73884143722805
0.431261699711897
0.459271690563882
0.19117218615608
-1.95002071989897
1.06597453332004
-0.7061929454541
0.300243870848073
-0.213883298455918
1.08617939716243
0.919326112366642
0.863563896787659
0.13640167317631
0.629984480887661
1.01321928356108
0.604547960585345
-1.43359862381601
-0.705515627405019
0.522722413485466
-0.499145351158758
-0.757104590084669
0.179301712786973
-0.206077472535286
0.835111739608231
0.442153853850124
-1.12905731268368
0.921837306328818
0.187603407321182
-0.0753355454341182
-0.87354930767859
0.304935865467053
-0.894313597626982
1.29859197356924
-0.116906083990288
0.614548144589016
1.62927772064996
-1.87641040859261
1.68434213738915
0.15884265040216
-1.18400429390213
0.714677865750335
-0.227499160915177
-0.34799989059244
-0.861821816749065
1.4272450605133
-0.696406817082637
1.98867435317107
-1.34267998374066
1.27309118347195
1.3181818263945
1.06552665364443
1.65334357509707
-1.18121894297925
1.65699695018728
0.240011569258887
-0.709611217558837
1.34017702374804
0.806417941130057
-0.079100168654016
-0.776831691972155
0.560258488496582
1.15057380694892
-0.457299159842132
-1.12611723715689
0.935500666364324
-0.505604566947518
-0.0612922998771761
-0.924671056458832
-1.77078233561524
1.18173745643408
-0.92784828034826
-0.702676066152288
0.329925864842005
-0.0648655544949611
0.886148812050305
0.163400362962384
1.23125138856024
1.1276196339902
-0.871054794689368
-1.37080587627564
1.11542579950754
-0.100437759949249
0.268576286379142
1.05182306429144
0.0507891026961369
-0.455913100160581
-1.98159354141507
1.8468771539582
-0.00774886784144316
0.72471131091889
-0.141926998840094
0.0584591354576196
0.837768974379084
-0.453499750146725
0.298120698958408
-1.52876894095653
1.07034601436281
-0.941566263347882
-0.79860682135312
-0.559172343702601
-0.0709171859569409
0.844853471639473
-0.274767714586247
-0.489796918561665
1.01941156392352
0.10566215029344
0.253221857739064
0.113115763066797
0.98790275814992
0.515229698707675
-0.434930890046076
0.967972783951377
-1.17719734605478
1.40631848102152
0.150166492306987
-1.07143949234029
0.940444555918908
0.545105529461475
-2.84936753231292
-0.671344242028517
0.114865822326139
-0.524450004372952
-1.17175532818934
0.113494730513196
-0.737926049260992
0.560380616554141
-0.669010734608938
0.769497789277877
-0.50677018193964
-0.212580299147458
0.530190566977118
-1.32201953614999
1.3755652431391
0.0502399197763536
-1.14019843818567
1.37834545406872
1.1483287860126
-0.393061306351624
-1.32441194966605
2.99300854963481
-1.49140339295101
0.303105375359287
-1.7657140161687
-0.191216517241703
-1.35670388453067
1.09410206440958
-0.0867494765259672
0.17711665709857
0.762305785722084
-0.0318903039387996
0.792754108473974
-0.13106807056183
1.33344095595862
-0.695592508595019
-1.52342256972347
1.20937765120076
0.691208698969015
-2.6233444085912
0.149362024744659
-0.734160314589979
-1.99022626368348
-1.67865172907681
1.45903062710525
-1.81040863050472
0.0858950286470039
-0.597321303744757
-1.21445479620999
1.17559115939829
-0.663959887237304
-0.0215077557168856
-0.272751403480991
0.667021113115749
1.33181242163039
0.124137589767424
-1.9721302816454
1.89809790341853
-0.0504996820389953
0.114712832914983
0.604087376680389
-0.181830715788873
1.93094531161047
-3.26607092291954
-0.0801879429400334
-0.558395836241018
0.944679704646609
-2.31797065261727
0.170954913655097
-0.0691992039878407
-0.0180842959311721
-0.28787806191909
1.15157234553173
0.183401612157567
0.0341715449636761
-0.106981915339345
0.810887272984521
-2.01021871583412
0.170268862831564
1.34324584421024
-3.91567335334683
2.15884498417076
-2.32703705736871
0.465238093124214
-0.380349457368214
-1.49279605126271
-1.14513650389935
0.328244610360503
-0.169087330727412
0.466523541850368
0.668032003822941
-0.723992045306635
0.250882322529804
0.860944221539137
-0.236617003539374
-0.443249946808005
-0.571138214795543
2.23864209871468
-0.554254597364642
-0.313774315089309
0.239641620955511
0.572090876907173
0.839357279040895
-1.09797134512806
-0.47329960241703
0.211116412558679
-0.615233026086204
0.655132243716634
0.235631297843926
1.45499811614254
0.530519605469458
-1.0846196665126
0.306233902266353
0.161018993672393
-1.66151620864275
0.110792640369731
-0.999356402990175
0.282592309228944
0.640085594781596
-0.650646695855524
-0.601652634630415
0.583915658642866
0.335503031363265
-0.045906984617148
0.299949858232306
0.338193381274997
1.04098511499426
-1.08895163765101
1.61482893818813
1.24650726234444
0.793715521283149
0.603299436609728
0.611503915777623
0.261536228001519
1.8167942036975
-1.12623579649439
1.12851025868271
0.415321150083943
-0.248753796533186
-0.8734715871734
2.20034079146097
-0.921007890808894
-0.384062032881743
-1.23351446743114
2.67748879743504
-1.35426658056001
1.05796788030581
-1.08566021747936
1.23671251926527
-1.06572583110475
-0.592507239829696
-0.529846662710645
0.304143779748595
-2.10141301564877
-0.140089711203306
0.229621002014242
-0.280003797644486
0.513939389890733
1.0188807556307
0.534238175325225
0.61390352526253
-2.65187274336371
2.14515135706375
-1.99521872363575
-1.38223716489894
0.576519146083211
0.427949301685588
-0.142379318235582
-0.0896864939693652
1.60973422389997
-0.502721750911084
0.21264217061856
-0.879450388105362
2.36116953286296
-0.0930167325257441
-0.367651630283825
-1.20835501618999
-0.0762250025874306
0.718921569976198
0.256044767435929
0.254141182971276
-0.438061332482084
-0.0639373106883035
1.38674445781525
0.251742290377329
0.905071416571697
-0.0886758393983659
0.581778971854677
-2.52694642029889
1.065345995141
0.0904517320771885
-0.315559327830754
-0.0441682991718088
1.68933960740844
1.3975150073876
-0.324827162578669
0.159344678010783
0.489590496232789
-0.872899720755663
0.606847559618927
0.17517798735225
-2.07639566154285
0.589119044737972
-1.09250250099112
-0.162545587627181
-1.24315558593272
0.825691138354955
1.1634487517679
-0.236949082738836
-0.269675139639417
-2.11773624524861
0.674055667909644
0.00463611437738207
-0.0610432439145938
-1.66366464491664
1.09489065411819
0.363933576521377
-0.448959547013382
-0.0598294144537362
-1.34914778550492
-0.858102396470455
0.225595881674953
-0.731740518370988
-1.46702187591881
-1.95569296316862
-0.482065320795275
-0.0530912040232145
-0.375963927224184
0.46643477826186
-0.135214915580858
1.30325080067859
0.542606414440873
0.294103100497355
1.46577710728822
-0.551029823095306
0.681883802672991
0.20275995709366
-0.462279277296684
0.361357306398926
-0.20794348573515
