x
2.29021199987935
2.28291583093554
2.41088716475016
1.74381780757295
-0.579774927841282
-0.740181390401716
1.59998696499958
-0.780531148121441
1.48225886538589
0.209642842789473
0.360308893737779
-0.304751467837914
0.394868442555649
2.06377097400479
1.85723408171441
0.923633842176725
2.22879038359906
3.55514226759463
1.58241892362067
1.89776545442576
1.52563439735526
-0.237734227956006
-0.54763735062299
3.31459092690898
2.65826901577469
2.57022164867474
1.54322423067105
1.83312936414816
1.372915519926
1.17099089092712
1.34932159227863
-0.359880535431035
4.14163486346006
2.67041206998847
1.21115143181785
2.75764678140925
0.420453856987572
3.41405664996369
0.83755259716881
-2.15263518272039
2.21676625327106
2.6587365831725
0.418109705322638
-1.05345975349851
-2.10283293019701
-0.0987824913308812
-1.92909656369001
-0.708589310933533
0.741602903598609
2.14096889764629
0.105506994049136
0.714267394229274
1.20963081574411
3.48555912092769
0.166655656608598
-1.29686148776121
-2.19941186678956
1.03703015650285
0.811156249641075
2.15348375429715
1.01069987558815
1.62527285876142
1.40835900351857
1.15230386048792
0.157365731501964
2.61187967293669
0.694998777603188
2.00665121575489
1.3640390834735
3.66031769583775
2.5329831414081
0.975539881699544
0.992128788528797
0.772441562244485
-1.99363956081658
2.79137548710724
2.68896036006102
0.456799134069725
1.47386385803261
1.34172455737599
-0.479521201392615
2.82086377342175
0.910138659345146
1.40011641217784
1.58939194421555
-0.265426835711629
-0.758952333052299
0.483754254539083
1.64747527365142
1.2604887994215
2.10071103605642
1.68384617953295
1.96587729308302
-0.782376252003036
1.63782656643637
-0.123847599389104
0.213720467175649
0.608294114686439
-1.4259340101607
0.378322500007346
0.116752727332081
-0.154615817902686
-0.0497504339604096
2.50291093306632
-0.506538055619733
0.515462384096819
-2.73484007191899
-0.683055716529458
-0.249213335192212
2.94404785165366
0.00484248643671314
-0.287430123588912
-1.3592862861772
0.735628740407611
2.48533444637281
-0.343127687523652
0.222151534468908
2.64234087190528
0.358501254541225
1.96913734751542
1.64795905966888
-0.6389943149183
2.40680192452999
2.2841229249539
0.70658051912178
-0.304069737728651
0.123134756372869
1.9129885375752
0.377069417685538
-1.69499442516125
0.188000005133835
1.78616490531793
-0.441122651378372
0.444852286565686
-0.959659080411938
0.785854118395308
0.672810777401407
0.931404871741742
0.091631768601445
-0.183975666867941
1.94376139224064
1.29485045443033
0.888612124192357
-3.58213931790466
-1.73926086970222
1.26369952738769
0.460059272036325
-0.715992850110173
-0.0205922884628142
0.173707463636153
0.122493481137411
1.50737177425041
3.22039903398381
2.89777457767159
3.25684300563259
1.02569111562809
2.27701151496683
-0.195284174449741
0.645029447537419
3.91255310332266
1.58030475993426
0.873667259774881
0.0856288413054664
1.88232065332228
4.11412897550782
2.28767222096043
1.04495143632804
3.91716389794516
0.448173893347717
2.67321946935331
0.614030504256236
-0.404120524261298
2.37436299267802
-1.34515405631575
0.227313964464756
0.680231023337768
0.335263532555137
-1.4394049076792
-0.432929935879759
-1.61504598481218
3.18866008590317
-1.30219892605283
-2.23171557221404
1.12832839310788
2.18279486466564
1.07815726963237
0.780409846022099
1.9391513002905
3.15391165981402
-0.751230612179166
2.59276925672748
1.42123147734924
0.760020133313603
2.72092342598446
2.63888708097101
3.25202427601268
1.08260099268427
2.1960508540578
1.59657765984957
0.461980575928519
3.38063857042889
1.65259375319606
1.21691814369179
1.75548336064647
1.69305006944387
0.186929943507551
0.780288762505028
4.57121685079216
1.62703110373318
0.929082756886778
1.9444353597868
1.7335803280454
0.456133213005137
-0.626677868300495
1.81660472375586
1.25474655343236
1.83551223414454
0.741211845881116
-1.35063579415168
0.589227618487011
4.16668521932696
-0.381328693867231
-0.468099285188273
-1.37473634302427
-0.0335397840225413
2.66144998526443
1.12227351648837
0.790569593542474
-0.916362835251869
0.691678579610172
2.30039340439975
4.49849242527889
3.64496413496576
0.461096228212472
0.228313047606009
1.59372533934077
1.08646033793581
1.47244289092074
-0.77941563926412
0.0645591137649691
-0.616361389672796
-0.635526333011468
-0.410328168878427
0.0787438336674628
0.772996000693115
1.83556868585462
0.458274493665214
-0.266428078384085
2.97119842811095
2.74146125172453
2.49515734622242
3.74177328956901
0.196637283302832
3.86133058547146
3.17568079808912
2.07083492218113
2.14322552158493
1.30675754526089
0.948912660000996
-1.25180215559257
1.5886813218838
4.01682584302591
4.66634388164948
2.13417277221832
1.19100138163734
1.25087918010089
2.65680676457688
3.4390713731116
2.15682207645401
2.90013373330476
1.33456660945279
1.85381009507063
2.81369618284941
6.55287257069328
2.12073049248331
0.554536200596415
1.43384993984052
0.457679664836643
1.84668809141628
1.60489096524395
3.04770367905261
0.0631991818429219
-0.790272453171626
2.74016202405464
1.5914847678226
-0.0190769072412924
-0.747580414711366
-0.215309846053055
1.52695365523016
0.34321240948298
2.83202488817714
1.6498117857049
1.53575264945462
1.06794008115814
0.602474191428473
0.676503476362408
2.54599707822722
-0.589910092574209
2.32181426663732
0.622112459279523
2.09355942173162
1.07560632549272
-0.8158834149487
1.1016837088286
0.00495243112609312
2.45862262884665
0.0571508542304755
-1.60340808093722
-0.830472239252044
-0.303343089249224
-0.450610078601756
0.349500649319082
-0.0259219711775527
0.217139591764498
1.26348262356264
-0.610962550199911
1.79230959372956
1.04683173272579
1.05272022468036
-1.89084847176537
-0.00734338783854649
-0.158970164225567
1.99849599193573
3.12798833751466
3.25445420895957
-0.0295561962739377
-0.266565089456751
0.490792039512833
-0.636480208286778
-1.58121631389858
1.51551271765686
1.09333164894173
2.00007861720088
-0.517978512770763
0.265133923505432
-0.922830346070821
-0.552396338518829
0.923921285164282
-0.205040043959706
-0.603043450081759
-1.2434473773511
-1.53823052263666
-0.810630540539811
2.96265610363296
0.432677553506621
-0.518745475382469
-1.39525694874381
0.231994865453507
0.201413125361943
1.22373363230641
0.615767699795845
2.18275383466014
2.22379536308394
2.81988720962355
1.74490176986424
2.79417036866621
1.24136386365979
2.45529756578738
1.02962494676304
0.123451544190633
-0.940585502446996
-0.44403106936161
-0.431852065694905
1.50268264549731
0.983380277493515
0.175302331582141
-0.456093300215866
2.79602993330726
0.965994210716132
-0.619111459622036
0.00517861135505093
0.833712847765756
2.14367456780494
1.12870147153345
1.25197135284229
-0.450358856886492
1.84813347122199
1.21954865758286
2.18310661420993
3.41019272903935
1.79477842529338
0.869787327347604
-0.139737336933818
-0.0721416839622391
-0.565345709242866
1.1828569216179
-1.10037266585409
-1.83112509765558
-0.645045227796177
2.09780653857451
1.38600854863591
0.48910804502219
1.82451686876594
0.62242455718028
0.832673994501828
1.02099113837758
2.54414296380094
3.14624211722287
3.3333144964031
2.93014023804275
1.92423401088204
3.88985389564478
4.46733084475136
3.72253046049616
1.35402932138838
-0.345091785770441
0.947636525401925
0.122266883862892
1.2591385383675
0.220713381677741
2.18603911513073
4.27907565331472
3.1128520014464
2.63138448706528
1.39897756142126
4.19963958351151
1.50956545718711
3.23228145839145
3.6058541810513
1.86701164938583
-3.33260306795733
-0.364061029700453
1.09302940186654
-0.761655911350396
-1.13020896962442
1.73218738941729
-2.88032326342256
0.667668645235246
0.29017796567587
0.0256122498800162
0.865272382711554
1.00182644575297
1.37369076013285
1.25298172957613
0.31304766040047
1.23169740499461
2.95992989057244
2.37257979254726
3.50210360755913
1.12904208251162
1.95856061053846
1.83790124826323
0.173719715427717
-0.294275905097401
3.30882158000825
0.243559699029187
2.3750263450305
0.775486360798187
-0.49517075875899
-1.5182210974289
-1.29535570807955
-2.31591926633621
-0.972369813547483
1.85078444726525
0.328681135030575
3.4294968773774
1.16487046888451
-0.129745716605921
0.307799456912497
-0.0461448065300389
0.165339057629679
0.875985460419288
1.07048316079296
2.10427985077001
1.98933542873596
2.35823898544752
1.48290795981093
0.00613850566764618
1.42595291165286
1.59655055676819
0.609463865268966
0.395357316614805
2.38198177903742
3.15060695970367
1.69582182374871
0.667185334800102
3.24201707010718
-0.346971246075477
-0.407750052325003
1.76832601711005
-0.19712737923114
2.1222109357786
-0.208904817740728
1.62240708149451
0.762009137030443
2.28589903101824
3.10627917033719
1.35574863942742
2.02854650182268
-1.38592830757664
0.206409591071402
-1.04022954258735
0.909742575397142
0.866904342889126
0.69233510234321
0.665173296378753
2.25879043688057
1.02462140490521
3.71326750851093
-1.19022073220351
1.23177642452069
3.8227393715579
0.0427018303016458
-0.148273938441829
0.051917526703688
0.904660160450057
0.632154268970849
0.2921454189253
3.55983788496389
1.6521316330029
2.85134075225395
-2.87726712797653
1.90968242794538
2.754292597195
0.848171386525761
0.731044046775599
3.2267255188813
1.49820720745451
2.71571694032812
2.13052197624632
1.08916120698512
0.625260223722032
-1.11304154306775
-2.46695354165855
0.162568338993209
1.07274591545744
0.361814607350991
1.7879865117246
1.77842521275691
0.741672282438253
1.04090792058305
2.79763174449254
1.8183162917934
2.40576174663748
1.95860460612657
3.69114953624738
1.70166341902655
-0.126837442835786
0.08335578846517
1.06588756311981
0.621119336139137
0.71762769272469
1.85421105975625
0.067280154758279
-1.83957737383647
3.20323897798398
1.9152095933896
2.89383587418701
0.917183621638781
1.19263219645749
-2.06272796246789
0.91050472284514
1.45840976087401
-0.0992916291983978
0.0611019169480715
2.62215648439603
1.9690395095519
0.964841795607593
1.51679055153098
-0.835927742033133
2.32865980649594
-1.55834058868968
-0.794558574191386
1.40295995544485
2.67898286011945
-1.02886870204616
1.52324352889708
1.40819307820955
1.1317763340516
0.152806611193588
-0.39262179463106
0.883987957494421
2.6279452720488
-0.742488677832386
-0.735879874132979
2.80869642040268
-0.392712948496852
-2.82379943325595
0.111165122988614
1.1203088054048
1.11781101756808
-0.18297092495996
1.23954266306485
0.722569891913714
2.30140985301265
1.66113391942721
2.1960272212234
1.69896613947378
1.76718834225476
2.236022160045
-1.96190055409296
1.19288710943856
-1.08226536244318
1.20576302934871
2.77153004882986
0.789226442095189
-0.083783120689384
0.586014458394819
3.10343637688097
1.57914230733259
1.46317775088058
0.28359267019795
0.120237117958697
0.575665017303636
-1.36195342699458
2.27595258715313
0.649875855773698
-1.75019715783843
0.361900633767904
0.371298877481713
-1.60488043301504
3.35777252632273
-0.253669562707616
-0.940334829903362
1.09739779443316
2.39743099467495
1.07904042564196
1.41218101423656
-0.522155169176315
2.07136358662931
1.55672771792889
1.36642208239184
2.13080460093957
2.63862740366775
0.352415220998133
1.61417635828462
-0.366869639567958
3.94122269230039
2.13660821790402
1.39384119708254
0.360871445159319
0.544288493058277
-0.689089944320634
0.747098929502629
1.68744792754548
0.448023095201153
-0.211799010638769
-1.60663065828143
1.22880068119927
1.40253108162565
0.876008362938261
0.20806287465825
1.17961825611581
-0.949702718660508
-1.43521936333474
-1.65487702459502
-0.127984903160179
1.81166144603893
2.18323147093009
0.514711270362401
2.94659338762413
-0.299194543845871
0.179518901185014
-0.338116875018122
0.948154709235869
-1.53519244647328
2.20281053141198
2.7944651533112
2.89156541703004
1.33126719697401
2.75027314031061
2.00387928068887
2.65722392088926
1.59148313741415
1.59919411441699
-1.8809103879747
-0.317327148362637
1.98299429819814
1.35393518207026
-0.551464239866445
-0.685730266867454
-0.229437481649145
3.7080474779633
1.26757690824237
0.337489291497812
-2.16711692172326
-2.37270295848749
1.89465657583515
-0.12706806254694
3.22481789762198
0.872743025657282
-2.15385152408673
3.39681736753831
-0.239588351511504
0.287862631099629
0.839343593780783
0.785580385671676
-1.16814323715997
-1.58282788846597
2.3316534047576
0.179247773943936
2.16787800525868
3.54912180364459
0.498206545944223
0.0214253140610318
-2.12852180009471
3.02318258289088
0.186089151377858
0.520285305370061
-1.14276922712487
1.61005159689486
3.29522922266899
1.88215596091744
0.725726594487647
-1.44226874311562
2.57929959051989
2.1634305236248
1.34844824892167
2.78940173440578
3.17122254698687
0.883921997409959
-0.680602827232144
1.95019637817343
2.07945111588238
0.623219219484335
5.41660862218583
-1.78381141375803
0.713533616812164
2.24767907475496
3.41729938551787
2.96037204497483
1.69544509394387
2.29565058805319
2.03265591552138
1.23053480883873
-0.16926571408446
2.46807959884378
0.723226223794856
0.656319612226188
1.22504975060447
1.0462253182271
-1.75512926187016
-0.160127069277134
1.46592513023634
2.85352761894361
-0.362474177711725
-0.105399969314893
-2.81888311996919
1.6262983081394
0.943582246038004
2.261057527231
0.427985642417436
1.25496908885799
2.36263542734813
0.975446495483536
2.27213685934163
2.13177657517272
-0.944416075968313
1.08019470075017
-2.65313222084449
-0.0531552684761742
-0.211584760004311
2.04328148141367
1.58470480564819
0.362301263823391
0.650265490563098
1.13155316481843
-0.402780158478201
-0.221924784997648
-1.09298727752854
-1.61847552465312
-0.351723880023266
0.608351568537536
-1.29711649326288
1.21548301539705
-0.0338936999465713
1.31721058286895
1.19513967813512
0.555348227023433
-1.83617449743561
-1.86246733195539
-3.31997944676892
1.98167287375365
0.515883104717045
3.82909015777075
-0.562240619217582
2.95779296240715
2.73511615303054
0.442695341338123
1.94780568592399
1.91705088288739
1.05792841895117
3.17191448413533
1.0101700651073
4.00171125333168
-0.157032764020654
2.80445692190469
0.461017820562041
1.53836253007737
0.924728006366971
0.841531355816775
0.827644568490703
2.25420805938262
1.29159572172248
3.06050538178688
1.54931574451876
1.47078967764119
0.989719217662262
0.408825552988394
1.16632835089694
2.40294146683211
2.46121300871324
2.77917888326796
3.84728025539944
2.13588423752807
1.56626407667674
3.29051420480548
1.37060986238236
-0.224360788414133
-0.556973099914143
-0.320756110132027
-1.33907430834635
2.50751817650974
0.358474434731635
2.61505041485674
4.60410538291514
1.26223337583682
1.74650594505138
0.234062003263042
5.01803678855885
0.218507947925281
2.7743165324843
2.41055012710988
2.72949267338412
2.83547209757875
2.28838805799018
2.17839799819341
-0.00402967023204814
1.47273803803159
0.47165779381242
4.97457119496049
2.78609410225308
2.79748825384481
-1.79775139909763
-1.38626238301072
-1.07057647479721
-0.294223749813507
-0.107462239553565
1.66656241887138
0.766117081410204
0.601650897658419
2.56428459288239
-1.68825946117081
0.468094495978433
1.90205944145876
2.75370943667831
1.13495719676371
0.480540107761636
0.59054018201394
0.277499768495201
0.251813534328335
-1.09565161195094
0.279005860393428
1.08402575247282
0.250406620812728
-0.698972421168703
-1.69976354497067
-0.167127110195908
3.09586972885567
0.642548633806547
0.185274813106469
4.67441665636758
-1.07132016436512
1.04131686365229
1.70325840988489
0.531223639931627
2.63258788521333
2.40617016432769
1.47061375075292
-0.521890559062802
1.13465101897043
0.472713821015917
-0.297925401678571
0.917989496397863
1.73683932026312
1.07330390090369
2.25988130926916
-2.3222657527721
1.4541706981547
0.0462512464973445
1.34816222568845
2.62327425102967
1.56248445845668
1.3275323345273
-2.67471815312799
-1.45275548302663
1.34321899772938
-0.962680218149936
0.546526780245186
1.19793641496305
0.569450218802359
-0.260971996928908
-1.3572434855922
0.84004252146592
-1.82931084175762
-0.810586045101103
0.310778296066085
-0.527452202950595
0.48083804596192
2.0339044216258
1.24585493762217
1.32088592891961
3.30254960528157
1.314241946287
1.59833157057958
-1.74067348494325
0.522708333834627
-0.346681799104638
-0.941630612923314
1.96387637417127
1.07994632126282
2.47254947579254
-0.0204697647156071
-2.52049846277888
0.422503742952349
2.04026200430142
4.8884373962542
3.1077902775901
3.11048101773753
0.554605540869132
1.47482076144363
0.340507044575733
1.51233596103508
-0.621651387878567
0.182222837143953
-1.34020049282605
0.597606892490292
1.4463882776307
1.21585766061111
0.17701953485191
0.48994478416351
-1.48124939150023
0.186794353554315
-1.80632809623497
0.444444516048672
3.22087652192128
2.48898202955503
3.54129271643765
3.43175779572112
1.12547140198116
1.61206592287152
-1.52855553948689
1.79845800733756
-0.0226682560530123
2.2530813322044
-1.48189980226121
2.22587164207336
0.348462887378995
3.03646812530856
1.30482045193627
0.293809797916607
1.52145202020594
0.968321746658092
0.168387235959785
-0.450542997359292
4.06674245348953
0.212145465887808
1.8629928154926
0.724866003552772
-0.420185205975997
-1.2838183164456
-1.64239155509962
-1.60609803682408
-1.72420996528968
1.34831283033867
0.647640214022988
3.85728372183293
2.42749444995462
3.79273170467124
2.26668566175793
2.57095211823723
1.97101705259746
0.683132945014073
2.25842440457693
1.19296122905267
2.59031960902743
0.161122882629326
2.34037188383204
0.729829418614649
-0.199424156394528
-2.01323959216865
2.62158649412032
1.9206311990922
1.29694825320844
2.04252233726446
1.26476087155516
-0.739395849593612
-2.36550469175302
-0.0800633944777285
0.198552583273588
-0.614467453657324
1.24649430653981
0.522235686237104
2.13728394097144
3.01502340082507
0.597945226157369
-0.23183735405997
0.866805257141807
2.93230553392753
-1.02992793067185
-0.473377991304933
-0.494411474352252
1.20920457022658
4.37532739826688
1.07104263171129
0.602676419306047
-1.59478008102154
-1.01492402141944
1.55172143691197
0.0160989271387654
0.209932517043044
0.257727693117124
0.743241660597989
3.22293308735964
3.21169477840977
4.42210513649157
-0.878189286803361
0.105171515370552
2.08204167447396
0.799905478606963
1.51141297003197
0.129528047309144
-1.781540394671
-1.32730386977063
3.07743490326807
0.995992676247238
3.7229132306986
2.69527196563842
2.49176792062917
3.61739602550828
-0.690259801414923
-0.0828205198829997
0.159539600840232
-0.478963494779313
0.332159318066864
-2.14855378970917
-1.62955046826103
1.16838298441164
1.31390110776347
2.99877461323083
0.929878294378949
0.54596796785474
0.248304410301332
-0.528825480991091
1.02167768867408
-0.732258357841409
1.40266766995709
0.722144389328599
2.11546434540673
2.95885935459433
0.873917078722844
0.451049459781916
0.753798871435242
-0.00531970277679039
3.07353865808185
1.27009444347106
2.43733826217112
1.77184071344509
3.23197693786873
1.1583189812243
-2.64624013712427
1.07448503992566
-0.668218398707321
1.49721133700149
-0.382786986326187
0.661279976558765
0.0521087804447099
0.482394858712359
-0.0738621288426431
-0.611267707183175
0.906899282395626
-0.80400666251691
0.280579122794719
0.322581423814896
-0.028407617308186
3.24165462931128
-1.24109442684621
0.761831109380281
-0.965498461787738
-1.23411140536399
0.385059172752126
3.89170551042339
3.62354052510779
1.97080852625853
0.329558325352801
3.72985283401833
1.15376374182118
-0.0381276116630604
-1.20504797833619
-0.335957384303887
3.00187938577653
2.92468749649641
2.33146299333356
-1.00359104882862
0.231867413870856
2.23575065232777
0.826691872210892
0.10113336377887
0.836376312527093
-0.084818786457205
0.305112675569272
4.18645230408059
2.40650012163421
3.26060795799998
1.50109592297481
0.546353954169673
1.80854358836511
-0.979113269368451
2.75062669403323
0.891853678133178
-3.12913165262207
-1.11528490282277
-0.258566609592042
3.57320456884455
1.39239438422766
-0.839474756062422
0.163442024360537
-0.565224522532624
-1.52141404773263
-0.517763313065048
-2.03664067260034
4.17612358106832
1.89012704238081
2.34224600987398
-0.412225044023042
2.59507417929675
1.94203407800437
0.00349693463039213
0.655992105450011
0.271620999061129
2.69140122348317
1.07598289744918
2.67042685019083
2.31594410836724
0.936804139903572
0.947998606269613
-0.276061284946239
0.0447383062437935
-1.2369448427219
-0.0654128661504991
0.166526740134326
0.528365596101103
4.42133179821423
1.88138905491064
-0.695406575619841
1.9166934957734
0.646514064240498
3.04310397266454
1.43393789322951
3.48683603522817
1.43770366857605
0.454951207233571
3.64237621103512
-0.449056982058666
1.49432859038842
-0.453728122906797
2.47106426272458
1.82296349060111
0.686598303185747
0.40689606416836
2.08930853032202
-0.308193544190734
-0.274775518747781
1.20634476631053
2.06648260295619
-1.15549138407408
0.892917473974987
-0.83109913841044
-0.209081663636337
2.51023884808227
2.69683716428614
1.19519555075031
-0.232810095469943
1.14756087745033
3.19495833148113
2.77320667183474
2.04751482661153
1.34866152010881
2.57648458363438
2.60712023321511
2.55366859779625
0.352185735245066
-2.8904765168019
-0.663293749077212
2.29659470672245
1.0181634793475
0.227575277344392
-2.08584609973323
-0.5206387404983
-0.601702569487226
-0.172169202588679
0.836993213519266
0.607423955574067
2.73150421467478
-0.887582541962215
-1.37584831067513
-1.19515492846858
0.437311485140808
3.91066376755526
3.5478660448385
1.1597286905177
-0.0146166361846096
2.51391319705037
1.68300249423989
0.674037161953615
0.871954338176623
2.60926163032694
1.1810726892728
1.42432059506522
2.14598114020779
0.482657316857484
-1.90892384248134
0.319490812794073
2.43584394828028
1.09702592558973
2.06278874130343
0.388488790858129
-0.358505322548098
1.28119307782586
0.449458523313955
2.1442291154576
2.53158552353233
0.807962491695472
1.16119707397926
2.27258596707467
3.33886482948116
0.981830294643893
0.410990213638472
0.360039864518334
2.55344534617707
0.232645215595735
0.0399427689016285
0.350315993250204
-0.997074855410643
-0.00318009453815216
0.132063050631607
0.911722037700941
1.92310990457116
3.42048990360419
2.68752611662438
-0.346421743192331
2.88310059655766
2.38705427732753
1.53236936692378
3.03316932470264
2.15564753982439
1.12546886400238
0.20951842408459
2.0673293183179
-1.95863717070804
0.280927824634024
-0.950492965379642
-2.19757724597817
0.584068832926777
0.59639840455345
-1.8671243393468
0.0138996857309892
1.22951324267361
1.98859634719193
1.65763962168143
2.19120127976099
1.51727856924814
1.6757886669723
0.970781605933315
-0.446074996724031
1.0479878698997
2.22952334338775
4.51390230236227
1.14962812686452
1.21348670044762
-2.06712733813513
-0.72016166560713
2.29781793459926
0.892824718530752
1.91485509049292
2.06885387691494
-0.0737354985494734
0.847729995182312
1.19893983894804
0.627168315364204
1.23569914811747
0.08923793905415
-0.786830815569535
1.32730655566169
2.95740100264911
1.72572273882569
1.15049565568424
0.589648065412579
2.90665277369422
2.91393618928974
3.49723785469928
2.43403277457555
1.76227592614065
1.87221282052159
1.55248364484328
-0.552078739261584
3.74087660653941
-0.181045158799776
2.32708382005818
-0.640501667001656
-0.478985382184725
-0.430155508039308
-1.0206621375139
0.461873560936163
-0.390190606552824
0.971727662503544
3.7773242879692
2.63590847729754
-0.89834014434484
1.30145094755879
1.00150883772013
3.8356954785439
2.27435053157155
1.05205866282026
-0.787069724640823
0.672537678211796
2.51756646547351
0.0788406149319026
-0.166868264514381
2.04943648531291
2.46674837226821
0.98905712247714
0.358311266320981
0.436733960563681
2.41859754399302
1.35734842449657
1.53881907000557
3.3886055060007
2.72748355280458
3.1977708828667
3.90018862750494
1.21638383326129
1.01032311127768
1.16332722515372
1.67858189171981
0.44346055067353
1.2436488681642
-0.00890363586103926
1.3315691143308
-0.339774125560308
0.453485976829315
2.76828360151249
0.873926474813641
0.113131015188734
1.58195837914008
-3.1687657069088
0.379876529465318
0.897676063254311
4.38842266338828
0.899141233377601
0.0383990288781622
3.92586735160005
2.05232731594036
1.4187853999997
1.77446344716895
0.511310897929397
-0.766779218210669
1.68449196468064
1.17267036969084
0.994314242452458
-0.876106165700898
-0.511303996133979
1.27108347416959
-0.321887648039746
1.505508697519
2.76337973529841
2.76163518056708
-0.435536352661081
0.937682693573725
0.862017812830579
2.30056831308074
1.79931408463105
-0.614028578463807
0.205602666586916
2.31334278204738
2.5928735362361
4.01264363124288
0.262996057411829
0.0329155659708689
0.142207076489226
2.20690900471065
1.37304320813203
3.26685396740483
2.22591354283038
1.56958167986253
3.70704063962102
2.27078012394222
2.38383766267713
1.30861628550583
0.872359140496135
-0.0624181491965312
-1.04006210433286
0.220318083271751
0.794325255257821
3.56086740431183
3.18732078405262
1.0878707755994
2.38645763049626
-0.321174432892656
0.994510103342941
1.54756633098833
-1.25009243401249
2.27336377239259
0.12460491252619
-1.58623727950933
-1.36678519002237
-2.39459417978186
-0.315865703116591
1.77261486101947
0.381137841825474
-0.777028118006057
0.101828301110046
0.740882125368155
1.3032582821108
1.70356737402444
0.814952408578732
0.885900980077844
2.53196244931588
3.54235565336183
0.435154187684267
1.68407549693261
1.0481301772695
2.942825019676
2.69179267252227
2.97191873608168
1.01130761194156
2.54475695308351
2.25590957080461
-0.446889219763667
-0.576923239554772
2.49941894247181
0.604670769763202
2.92452725470057
2.23880674828117
-0.142167384136006
0.0280235649636954
-1.13869327508591
0.825849800980496
-4.1354027077108
1.73893190027341
1.25343377973961
2.40585188542051
0.95715207965398
3.0814958188058
1.64253553226988
-0.131628987604717
0.638445342813442
2.11287686900544
-0.801406216233197
0.617280043558451
-0.350643965196366
-1.42087328256372
3.4147667982161
1.61099993547002
2.07082539585618
1.34641028603242
-1.12805055873148
0.673784311075699
2.70296812501158
3.33662449110995
0.848351441649386
3.19196144077456
3.47569824566092
2.79037291149875
3.79798830989826
3.02169762965919
2.2681461467073
-1.45791435116843
1.49785786334823
1.02757697914945
-0.065471764764319
0.561517649481733
-0.569778336701268
2.41752101293763
0.960208815947861
-0.763053414699565
0.798595050998454
-0.974942041695124
-1.22966795888495
-2.11285672645409
-0.658004340181885
-0.116542174540264
2.22321185887928
0.378820894053857
2.61660671599872
-0.641895952363418
-0.522282247486151
-0.969955574973596
-1.48702336524121
-0.394987294274831
0.465084511642849
-0.134653158381945
0.784597815827045
2.29539742706054
2.62820059604419
-1.00714140819328
1.06648141801847
-0.783595203154186
0.468603032180541
0.837642390063655
0.0421745687897882
-0.337179401508241
0.84735171462005
1.0115411807334
-1.40571016112488
-0.802163070874427
2.32780754677578
0.400640092166059
1.80208773706527
0.797932576270776
0.0502356183908413
0.894753108633709
1.16387060653521
2.19846956953593
0.951525227870318
-0.15161517959786
-1.10488828797527
-3.08600076513905
0.855267037814062
0.824992731013336
2.56305942438886
0.583270723172525
1.92118208795091
1.79856496247717
-0.477940226972587
0.723098930146246
3.07262270502273
0.0437804556963428
1.0283743289045
1.80623835146962
0.864768945365448
2.08158846299325
1.94314304729958
0.0774015316447128
1.0309540781453
0.517789111893803
1.5986109900889
-0.472942620161323
0.600572393586506
0.884078458174293
1.43861043837803
1.34801968032039
-0.404194783733755
-0.651379985468605
-0.219110810711544
-1.11075533976191
3.36728656455884
1.48114715718966
0.732440264751789
0.619483086729171
0.331664827688926
0.733623625820813
0.64551154011126
0.0383741278591592
0.268180654078167
-0.230589662344855
-0.409935071558448
1.49757043832679
0.298688971201524
3.01170732067068
1.51882120383184
2.48469598857221
0.590815849353895
-2.18291750200026
0.320167854259543
2.28834603308927
1.21579517438933
0.511277237681089
1.23164095670644
1.02967863636947
-0.322584292087059
3.07304601976808
1.01415225098608
-0.97686883254597
-1.35014734127987
1.15634783373105
2.93126213195308
3.0622527689413
1.49963080605263
2.48595338325239
2.37855645336134
1.47877727294494
1.18239802063983
3.21764489392133
-1.9571579983711
0.776044308734995
0.137119534374931
-1.55935334222137
-0.532052241030458
0.35933413932998
0.214325852273425
2.2422205380558
2.18539526762759
-0.237096891287935
1.54898135748662
2.09945897194663
-0.388750157708442
0.42344333785774
3.1006722756014
2.14427917982663
2.66321207839361
3.81221220781959
1.805092443269
1.66043256663124
2.6205973538668
1.35634392173866
1.69875986912995
0.356261421150886
-0.259668636239683
0.625994556492335
0.0745451541694342
1.94704731093529
0.227175410970142
-0.175008862961632
-0.587155427807036
2.23069966279945
0.648892567017177
0.212012211641849
0.601100284106177
0.198104832114999
3.20900774427485
2.37452669939057
0.401293238131962
1.31842440183115
1.34691939294136
2.70655409132262
0.916072496006544
2.23753325690823
2.85092361086942
4.24381800575985
1.67407793889678
1.36992531861801
2.75952165813976
1.76312297755289
1.56047107562585
3.04645059071809
2.67333331427883
1.47003233494593
-1.18029046662144
0.398405103071471
2.33810035228411
0.582393021290222
-2.24891189500151
0.663386248549583
-0.128597375515276
0.70517458461515
0.719103416544263
-0.724353510113136
0.400287312885492
0.0455279343227102
0.515057201593188
0.0818596364758
0.192208091175466
-0.00495474696552356
3.34808632740354
2.27923981771924
1.85567065215142
3.600006207747
0.26644434721763
1.80157263502489
-0.39571005816574
0.113085590415672
1.44373076948604
0.284678866700828
0.231402592467394
2.867339801132
3.60292131416296
0.625611438279082
0.964586769259398
2.2883733516532
-1.36422497440716
-0.00609065341420023
1.93618893875887
1.74481955638244
0.814045348638464
-0.45138177907265
1.81850763509105
3.15128863957633
-1.57148543676836
0.0134182306161265
3.31999061372936
2.17742562715263
1.12581259635242
-0.642681899750538
0.117556846069467
1.8044920141444
1.4423140267241
0.520300090235046
-0.402567692156392
0.522985445755708
-0.862892041921591
4.42715938431171
3.8101456025893
2.78247378169372
1.57889835172476
0.469403072797064
3.4955381200399
-0.370061369876652
2.25452040097325
1.4179686969161
2.42147083896063
3.27291281674023
1.50278932788859
1.48196941725129
-2.88465149093581
0.0171542275832171
1.73742249798007
4.30792906842602
0.115800501225315
1.31237791399466
0.935354914359149
2.98949339527521
1.04502572936466
1.11813924679764
-0.398166723520545
0.699498599888557
-0.780272725948103
0.447402649617798
-0.0578355329280567
0.575943267120724
-0.0983768538781109
3.13520647248698
0.565194355717555
1.02334183058293
0.347593514475045
1.89346674807773
2.93845589666991
0.954996981118817
-0.3716948975261
1.23896440304635
1.72006856101987
0.694240047109553
1.93634985978223
1.42914011748637
-0.662685148841492
1.52895398987555
-0.700767809744508
2.61843897796427
1.73424294863044
3.60846229578829
1.38085343495074
-1.00170150461345
-1.42143052617427
2.20448401439656
0.308491156786746
-0.375695027755578
1.06467804854088
0.583648998044626
-0.540544220366207
-2.91838469618221
-0.504757348698979
1.01567934201382
0.542941918935788
0.744828526787816
0.269278926242244
1.18353588129119
1.99416412026843
3.1076594502517
-0.750351918207927
1.05135938890378
0.480995096141328
2.44824694627887
4.40583882258022
1.7665674338517
1.91815733096909
2.6139760249242
3.51138741349301
3.27626460754637
-1.3572345490233
-1.0484167410161
-0.0483581578575405
3.43619157543632
1.69474205293606
1.4392603681259
1.18590229013796
1.87959052346094
2.98459006284124
2.86853733803247
-1.8750218692695
-2.50120686818165
-0.0485466850449314
1.74816919022548
-1.03348935896878
1.66006393778774
-0.502757596540129
1.17065088116523
0.92298855014303
-0.626311523069996
3.13454276776238
2.34300076986699
5.49756756655991
2.92650131940965
1.14218451313831
0.823880498306896
0.14248984859095
-0.985943172185252
-2.50950736274144
0.205614844320267
2.87675062574841
1.98634428911186
0.883031857282514
2.08431595037377
1.44585835213111
1.99156506983008
1.92025610721884
0.98755255121402
2.49716353055031
1.72459971671231
-0.964684667527227
1.49073850560217
3.74806074384539
2.07601012701182
4.17862163979893
2.28493609481822
2.18819354111565
0.893117355779723
-1.89650341107252
-1.23707350288456
0.130065915044071
-0.769267548773036
-1.55545811227415
0.332268586954032
-0.0810957420563663
4.24268837077818
1.75414279566954
2.00918572075597
1.83682183742953
1.27346580273037
2.00948061491709
1.94433049194828
2.33295861344051
2.69768935599425
2.86564055375863
1.51737357990376
-0.622569729938402
-3.10191668245225
-0.56480595784678
-1.64833412607974
0.057446779479616
0.352275954779877
1.30038365640771
3.41292489809263
3.91550369681915
3.01588806441039
1.8285045010489
1.79272221588032
1.08458200026663
-1.20739594276272
3.2989976753904
3.00413643791594
3.27178650460366
0.784554911386945
1.84075766468072
1.78808531495409
-0.995512184827653
0.388690152423045
1.26484229249157
1.65310673683797
0.279996497831876
3.54200449919199
4.06789610659374
2.77579433300542
0.551145111731556
-0.409130284129086
-1.19365691945573
-0.425862719342146
-1.96855868029514
1.09114403746864
-1.18891027072572
-1.038033137748
1.41736506957124
1.59965974517392
2.82143863820366
2.08915434018414
1.20807837401328
1.67432149300785
-1.03739339151464
0.786785794143764
1.08311724608132
2.17353177302706
1.18187264905672
1.23273456374763
-0.867830497317354
1.41197586336537
-1.72803511572855
0.82761338275351
1.36538966105627
3.16203028072648
2.76978203545084
2.91209236175497
-1.12238128572135
2.90229525701547
0.583113613477563
4.84703644104439
0.734313593870895
-0.483299777028978
1.58041160002396
1.01799969955071
2.87921334505896
0.680086543249951
-0.289945826429128
1.74166119346176
0.728345953388316
2.56262178551633
2.17891915503415
1.01253065601182
1.27536861771934
1.53888642974584
-0.523999707180365
-0.0979394667561784
1.09129923745468
3.62191379008438
2.70686709575046
2.18055015719104
2.56243756996709
1.97924235500801
0.338669551050358
2.5998245424014
-0.284872142244687
-0.514375150033805
1.01322959190255
3.34282561960662
0.713228184837795
2.56403378716467
0.960061323058928
1.78421308546331
-0.9189872399422
-0.839273716828267
3.17311612396881
1.41976392652421
1.37054167069393
-2.61529089408994
2.00776804214836
0.792278765949065
1.77769446436256
1.62117225326421
1.7201390057282
0.593305228480802
3.60743320413275
1.66833743350798
1.0657870865394
3.26497125459858
0.907278252743854
-0.780331609707697
-2.38743050342972
0.0751030673595769
-0.164728956246243
0.512189504180053
0.961309638982614
4.05525012622962
2.53628288146878
1.20992710765421
2.8367120537827
0.897700070470257
1.83144647407975
2.74839680063072
1.271359075417
-1.55160142870476
-0.248666749596395
3.22716620810095
1.15641606658283
2.81085444919141
1.91752840245073
1.38483349299499
-2.63117475969953
1.28033623742828
-0.0237736200105245
0.406220573918002
0.0549568301134562
3.35946600569276
-0.254744860054035
-2.88881982031687
0.8423560692973
1.86133003656521
1.03065847861686
0.731555856328905
3.21414635710624
-1.63265795083042
-0.905923967989998
1.43429447508125
1.60338002641428
3.047258558955
0.284948095960102
-1.31039733506656
1.75288487573391
3.5915136580723
1.56291259801582
3.90651931569155
3.75759670367608
2.42348011455872
1.97327518073858
-0.597261197307482
3.86533052705884
1.92298689312804
1.21317080682663
-0.0313201405451107
-3.15558137156466
-0.346093573779091
-0.948668261394454
0.738865408524319
