x
200
202.405616949153
204.532753754369
205.58308279659
207.528181581501
207.466824736079
207.364977280752
207.497420361222
208.333141153017
208.540446774208
211.064240885797
211.942964806867
211.521995301974
213.595103071101
215.6074325493
216.570123131937
216.309590028436
216.606718413151
217.051688832207
216.023765717565
215.196790503851
215.195630978187
215.64887619108
214.775825008803
216.13789908417
216.015313453633
216.123454675855
217.285193917145
218.177137316853
220.271681060281
224.45219282598
228.494900746306
232.313554394552
233.960684621268
236.808101669188
238.757435669747
240.530893803755
241.887523975562
242.660761900055
245.283744747564
249.168898933895
251.043818041918
251.933676755607
252.556534908983
251.768146618006
251.8324197234
252.470199985282
254.272250782231
254.695727923725
255.996696375779
257.824556394196
258.957435510713
258.489122617492
257.90773886022
259.167720889216
260.772021824364
262.488938109651
260.805761578369
259.643649458051
259.444879898541
258.1705569911
256.802479718243
256.160530365682
255.875057210847
256.632884358869
257.032267039429
257.265072772157
258.510600679193
259.438564470643
258.806530509819
257.469325262497
257.306706239578
257.960247145061
259.118699775764
260.468502111442
262.544693738828
263.559651668711
265.672439729269
265.812886791622
266.675225097151
266.883355136825
267.735720130596
268.216237097037
268.071201082161
268.01851576728
268.292939052589
268.480615164526
268.416493099021
267.481560977916
268.024894612564
268.451803168582
269.012357063846
270.744440064295
273.658399355105
277.24946617304
279.440906780185
281.637057351086
284.814095570914
285.719775924102
284.988811376347
284.600493901981
283.736641306121
285.309748294921
287.66404787289
286.63539936233
284.249363584799
283.42161590056
283.227698847127
285.230428618365
286.845138594554
289.815958256956
289.933332953848
288.949393202834
288.426791905451
287.572306752564
286.170222991975
284.005388875879
281.950940278581
278.955756429409
276.187404247644
275.163133140011
273.678906700964
273.560218814003
273.806331279069
274.37622504613
272.627281443082
269.488171008256
267.432555323555
267.74440024601
268.908301949678
269.609269440087
271.37128130014
272.469491251245
273.228515591508
275.289605114552
275.543448114866
275.575451727156
274.732982996273
273.599446103457
271.179017266317
269.605788125393
269.485632917042
269.314446212765
268.897230694848
269.218766677503
270.793372452895
272.883367126364
275.146299332245
278.143734991929
279.252916524912
279.96613725138
281.407501287302
281.822012813481
282.829352836497
283.619619984978
285.207962820183
284.472687870961
284.289397905484
285.183523129422
286.36060284861
288.625431965498
290.136593332247
291.081251884812
292.598992708752
293.475827185504
295.517663169133
299.028715801767
300.918962539505
301.154378831992
302.640180430494
304.398403400319
306.348663873122
306.74874797334
307.195265622878
308.568171343489
309.162981283932
309.919122362577
308.132033256763
308.069418795484
306.635252646093
304.045151318215
303.5350142129
303.914736421211
303.609432477871
302.975338911457
303.427392793895
304.834534931259
305.767505934758
305.750505791602
305.33905444742
305.484928602439
305.399526597573
304.346040240477
302.686189588292
301.501707632091
300.661830411396
299.573679404527
298.630302024127
298.159479304338
298.332892363977
300.128200965844
303.932145139502
307.117054900492
308.454071605152
310.118295905619
310.124329888722
311.621837426987
311.821842787408
312.26952848077
314.515930881918
316.790955913682
318.399783154046
320.167430744722
323.060003026435
324.225168150311
325.658167730107
327.997103999242
329.100350610123
330.400996081606
331.237749683632
331.932936691278
333.519748477749
334.476938726181
334.990713989268
334.963983548365
334.098452745952
331.319654382273
328.656589327325
328.492226548945
328.307979324137
326.900817426122
325.34039636326
322.858457133871
319.618507165327
318.281795906638
317.054968942983
316.873359861257
316.119463112402
314.149257712911
312.179662370116
310.008698833154
307.55715438269
305.823376701459
305.60279513518
305.491953062856
303.390832632544
303.814894126672
305.292055711106
308.740232298237
310.913292745311
314.505724472552
317.253140759243
318.802863815836
319.054324323129
317.766938598303
317.901487851394
319.288547039206
321.403473014845
323.589129778413
325.406934456466
326.937030874043
330.00308461007
331.703717888246
332.217767232009
332.989207364048
332.942364036783
331.635206094845
329.823299958126
329.05762580476
330.421683661206
332.935358020275
333.589386174789
334.224404558587
336.700830758813
339.843390359446
342.992975219195
345.407393924202
348.320643803895
351.446971682367
353.441910041482
354.042866780494
354.173779141543
352.829367448575
352.765635512498
352.615808352844
350.176245497481
347.371486298335
345.79434829319
345.711270838715
346.028284818289
345.10929963682
343.714311550684
345.802343783087
348.700770991244
351.052225451335
352.590758688241
353.616199117125
355.123781506663
355.961183636924
356.002862749722
355.75745780306
355.613298241015
356.48206376509
354.890793137938
355.724997496707
356.488793766568
357.438507918744
358.750148328704
359.014296631225
358.079250976681
356.41997376176
355.825248252651
356.043068465763
354.985506656396
354.152290973378
352.090630917635
351.035349546843
349.78602711691
348.108696991193
347.210866628034
347.719243959644
346.384279985033
344.94633759382
345.861513254296
347.068180923646
350.531657646198
351.556910572449
352.428624695093
352.125388746905
353.104128555108
355.126343811143
357.002327786312
359.993044164375
363.053457599442
363.753099053491
363.978696486634
365.160133885486
363.685598085949
362.975627267049
362.040693623151
360.963027624262
359.099868802413
358.16467681745
357.782156745465
358.104292716151
358.701775529506
359.565987997273
360.697785164334
360.841975623227
361.964746012825
363.844915571225
365.238340244615
365.939099307587
366.504902095921
367.871483177525
368.306766411463
369.444795983582
370.946664159005
369.943466781441
368.55697917634
366.323200104525
365.91583259856
364.582489683107
363.223600830701
362.037505505874
362.397527866502
363.190257241657
363.655903295682
363.269686281853
363.50354552416
363.560603928555
361.016851615792
360.188424543165
360.083188204511
359.566730995633
359.36197105197
358.469908898738
359.874760024157
360.972490352788
363.129085864052
365.99518681116
367.289075798477
367.504669096315
367.92982987912
367.846655796678
368.904262713838
369.81693774285
370.968374778619
370.007177263459
368.664115571574
368.000925334759
367.968659945049
366.985182617315
366.324179053749
365.491874804927
365.717104269048
366.172297631907
366.513988680412
367.855086875762
368.631802118816
369.262047510556
369.720217186708
370.191108389517
371.003646764292
372.455032021022
373.786926529651
374.947491060473
375.651501844936
377.249370390591
378.956597469482
379.835273700497
380.816703694486
380.742615131998
380.303126828807
377.64468201018
375.018470782672
373.642290440994
374.852866672947
373.663553132097
372.989671219591
371.761339099889
370.690874622331
370.69781456678
369.702938046675
368.062779957708
366.882538226354
364.5418665163
361.284361799498
358.61589474996
356.369364838166
353.201745235664
349.875474853893
347.602586263432
344.638945311927
343.935712365512
341.384414256063
338.606980089814
336.914710067646
334.666175956226
332.875299823277
330.783437557046
329.977907600494
329.866044178266
330.587703575323
331.457593841739
334.152463201935
335.96738689851
337.440171701855
336.941352430503
336.254090795018
336.727144011987
337.140123786589
339.13722764567
342.541253385231
344.136150055786
343.242328537798
343.75302732105
345.975593580848
348.556007465682
350.149910945908
351.476679666819
352.851493372543
354.334462644781
355.750103053463
356.117392530674
355.801884639519
355.893530268908
355.25025437639
355.321164736975
355.818989970293
355.662145027631
355.345741414283
355.153872904565
357.071909100191
357.645976836652
357.48256547271
359.034840925749
358.581032735789
359.408413129152
358.425629840357
358.208903126037
358.092955463247
357.659941866966
356.413077349735
355.907648803528
353.688377108674
352.245440858703
350.74875554193
350.898607945437
352.516337056363
352.921980696914
352.958069878965
353.11776149567
354.314863492788
356.448980807827
359.230492884024
360.838847749117
362.568992696899
364.700861567602
367.837933520127
369.14763227009
372.236921524137
375.114278303518
378.165840620281
379.226362611326
379.494472735284
379.612337241716
378.932319202422
377.883696871385
376.021969251063
374.841486457546
375.243938036286
374.938081122878
372.884813170026
371.945351741687
371.794210391494
372.21201585153
373.129429581954
370.790764413872
371.040625515524
371.675408547044
372.511184308708
371.908973826859
371.931750048738
371.193749406487
370.888160380573
370.537495982505
370.305274898513
370.822825726764
371.129385940034
370.844880070761
369.818798798724
368.810709921324
367.612508403216
367.748877489194
367.942295270247
367.580527290732
367.750534943025
367.350307154781
368.989259133106
368.89178716893
368.663116798236
369.524628414878
369.494855681675
369.270579923004
369.524865095727
368.688284295489
369.10096540585
367.757552278447
366.583001877367
364.105707095129
361.538129959108
362.049709314764
362.144259234891
364.207552681571
365.409016122588
365.695300984922
365.366223813058
365.840605441313
365.233786788201
365.684279864592
365.255257972699
366.684015460741
366.869153424698
365.308517015364
365.707015991668
366.689598350036
366.414712420836
365.024755278302
364.050907855746
364.070222863474
363.836402145228
363.666450932169
363.69214879256
364.242583413037
363.451851795779
365.381993731534
365.401424023849
364.054256898969
362.876147455221
361.961915862204
361.522782484822
360.950023778781
360.439078901461
359.867634665302
360.223571955233
360.317501686113
360.130245798804
358.347863133905
355.340668589013
352.842846410185
350.157856147091
346.513122570528
342.202497618083
339.90754234589
338.406976640553
337.746717649659
335.640572917836
333.511456984457
331.931933082837
330.136854884904
329.022698530855
327.706099961679
328.204069962037
329.078386529692
329.330405678691
329.932373947891
329.94246190598
331.020448263436
332.821860887595
333.722275408127
334.106445017269
337.008207738178
339.122314856922
339.608443257392
340.292342327956
340.820994264709
338.683735002262
337.516111495014
337.815191162217
337.627854972857
338.753686337523
339.668288555285
341.388571874707
342.559557082431
343.474747922889
343.605084238907
344.604933244057
344.917311423102
347.197030548984
348.36018928537
348.54474765485
347.89304105832
347.549150617721
348.179026905219
350.039743067428
352.034983000166
351.17003767662
351.277955196977
352.889577324469
354.336283534647
352.140921005666
351.040848952391
349.657547438377
348.654276028424
347.045847920464
345.405926893739
344.405013293739
342.360497670328
341.092798302822
339.662499522245
339.084307230165
337.447960011767
337.409192427386
337.435154355586
334.251217649582
331.068557585646
328.635540533201
327.284888000061
326.929019504276
328.2539186592
328.553602734437
329.631546564055
328.901737142338
327.989971260011
326.712387458754
326.034469845131
324.298789885925
325.071782602765
326.595182272673
327.354741753663
326.573269868101
325.119028383685
324.008372394178
320.727585454088
317.848242084434
316.953528712461
317.492346570197
317.646934271145
318.026955147997
317.382707763538
316.190613534379
314.92936114973
314.797167017817
315.35395978311
315.295419156357
316.313856100623
314.331457301112
312.616618950102
312.735901123135
314.377910029439
316.387953708087
317.937121145189
319.223901625307
319.624395946052
318.754050117208
317.536256346314
316.536725815534
314.401225851855
312.663203513341
313.473282900072
313.022341022324
311.396825518787
309.642513799026
309.43891428964
308.46364529868
309.223034228898
308.485387442531
307.654725701783
306.459064700998
305.057725475312
303.511890956338
299.358563757519
295.136768625122
292.858568168216
292.862944943933
291.887020750286
290.773216621925
288.371454874441
286.04302602186
284.774131496324
283.098555382015
282.190066544445
281.439746102918
279.28371824811
276.787158466047
273.257771010377
269.672149786413
268.748705410054
267.326328184054
265.674571697493
263.553293170257
262.815261521481
262.97654490359
264.385979529708
266.371947958349
267.293654959744
268.510335489733
269.785380957926
272.249855982405
274.215245123157
275.907440250766
276.547806439783
277.118714419181
278.473025645384
280.913335073223
283.404138661341
285.679236059374
287.839036986617
289.507679767441
290.27298948841
290.8841920982
290.109403630169
289.194667099787
289.20674268389
289.832205749806
289.822890392941
289.974850643095
289.567223880568
288.159121782423
286.726311291497
283.611490249611
280.703016887732
278.420385178264
276.208927303575
274.764854639835
272.95342522315
273.009128535661
273.079284933185
272.304780738128
270.895876070266
268.657061223989
266.03969286633
265.034059816779
263.486446426169
260.236436109264
258.735443880502
258.283430648419
259.164246062027
259.412642982133
260.288840625197
260.977526033706
259.196955237668
259.005260919797
257.973749585759
259.650546523368
262.08750404921
265.083959332738
269.169963608943
272.239373508548
273.943263871701
273.47750961229
273.733811827642
273.202015804182
274.198757360902
274.95767738992
275.236086552805
276.439616321646
276.626858323891
279.392059091716
281.022366727682
282.262075274371
282.440662462961
282.879954154876
284.107632870932
283.454861016802
282.98321836849
283.258720173087
282.434690590856
282.973509439152
283.09051887578
284.208901377505
285.482848383546
285.048739237891
285.85442016506
286.05928766899
287.9260914318
288.428586724943
290.207638948016
290.366186228537
291.049290476148
292.952256833653
293.878261932359
294.57561268899
294.032493051038
294.682889527107
295.934718828359
296.143784003581
296.523627276952
298.651712612629
300.08521923571
300.111441877529
301.079282558316
301.949988276076
301.542181640218
301.270995999202
299.561059404739
297.690754490469
295.63217704909
294.156892593639
290.151896699935
288.043029901661
287.297034831671
285.640871493506
284.42507506035
283.315661855154
281.290308783799
279.769451052966
280.37404652577
279.519259344604
279.66670766213
280.260008657194
278.67861196698
276.162798966826
275.319575001242
273.979837469899
271.803581829436
271.894651285555
271.569025601929
271.604507369853
271.42682295942
272.360132785161
273.2753469982
274.023696010163
275.378461919562
277.188072530549
278.785109209928
280.992997319658
283.1373075236
285.135367283359
286.075939313912
287.651805027692
288.34457271599
288.003407257766
287.810424874341
287.700299486908
286.7281729951
285.39869271215
283.913343275889
281.822051819438
280.254817386901
277.723310583291
274.570637300991
270.864373474383
268.292007655823
266.591315304647
265.285710029102
263.970247528632
265.394047186041
265.413490104633
266.324331918332
266.870178895118
266.935760406025
265.578772724493
264.474287425061
264.342939005686
262.844876159794
260.90746865759
259.670930840337
259.730790496801
259.092365333815
258.516052609517
258.238048921958
257.832405070755
258.419831150756
260.389709868251
261.986813227511
263.510940320418
264.319621933192
265.770983161066
267.345464650022
268.629386113886
270.976267293065
272.992287027896
274.008449954453
274.242234602928
274.242889837685
274.054338077398
274.103714542985
274.964446820534
275.961375102993
277.397809841455
278.132183937
278.584654730802
279.750819654144
279.358905938142
280.14226838004
283.064966113193
284.710607102005
286.854171666315
289.318144663765
291.142618696574
291.766848344446
290.841804469669
290.647294009036
290.521944388482
289.410702930922
287.016913939643
284.479824525169
283.569658898889
281.92338574266
280.635246456708
280.307885967183
277.680904555934
276.123805371344
275.075152575395
272.490472407569
269.886719115269
267.568805550773
265.260385184261
263.091734968479
261.471135808661
261.161594892944
260.816953786844
259.987434508902
260.074959501534
261.141375319493
261.745662569082
263.032949568271
263.91214587409
264.262852411597
263.595033957809
261.992930858315
261.636015787654
261.956885376312
260.829800159633
258.010955039038
256.628242108283
254.247273093166
254.190936333545
255.991943148701
258.620945828991
259.205674570605
258.230637601544
257.528532043944
257.199643808386
256.834713692026
256.494463972624
255.683327311859
256.783138085606
256.976303892398
257.413376300239
257.329504657934
256.464848239528
255.20871485387
252.503218786554
250.509540145515
249.24336856258
248.77251735743
249.754434071286
248.78606751998
247.55269204376
245.049531753719
243.586250157113
244.853707572012
246.61301786197
247.474420422563
249.37593149324
250.551795507089
251.692935873314
252.420765900153
