x
0.572605474618994
1.06365826038946
0.0314666077079804
0.103958431459841
-0.625467675204929
0.132956714919218
1.13987259221836
0.806494423565886
-0.333788337954213
-0.863335442883062
0.0423958500608496
-0.416701751716593
-1.02868947643839
-0.609309138092057
-1.6212915224674
0.0439602990230369
0.519911755632613
0.742913215941121
-1.06562684355859
-0.420839045315368
0.414762827282532
0.0738220581780806
-0.431363975189895
0.845201050327288
1.16393938366716
0.798590150062111
0.268177891653518
-0.618272996235889
-0.262781886014824
0.192581905282403
-0.397534017792288
-1.08002330529473
-1.30151150120478
0.211080362244239
0.285591456537072
-0.325695626313661
-0.197415080703614
0.58731021317722
0.38881397765877
-0.492281096030898
-1.27093289558051
-0.264339014798916
0.79003216249522
-0.366873250674326
0.447618463551631
0.668826125130071
0.603838760653622
-0.217636278083011
-0.250988436192111
-1.24611259855758
-0.999917957251604
-0.204282733640987
0.143385898865647
-0.179559349777074
-0.868262137878785
-0.607568925375432
0.94963831550196
0.73485979412342
0.0980668698905571
0.61205649389479
0.789921694041465
0.289421015844787
-0.370019926873187
0.253646273769683
0.527169748425745
-0.521987580363756
0.0187830205049979
-1.01494178464489
-1.3504839860719
-0.220140864052807
-0.305101513429457
-1.20890318092584
-0.58177901483475
0.0255623130305691
-0.0946749886720112
1.06049880971416
0.76295743742527
-0.937801097668747
-1.07684348353439
-0.373015004568608
-0.300876522371298
0.0782815763605223
-0.523733571848522
-0.12310042052045
-0.408261586487713
0.605657313079365
0.252368036812083
0.250869883331723
0.125483019370427
-0.471837222746919
-0.334072094260631
0.604413725182155
0.0871212939428777
0.0601223775840967
0.243385338503124
0.0898610696344722
-0.516776208642003
-0.449569611765569
-0.354180908507688
0.666527329205015
0.301881004377294
0.264163520397913
0.229067282031737
-0.332158617394916
-0.3676198942865
-0.502943653978923
-0.0770891867897285
0.684187471788296
-0.0314940211116582
-0.239163671073185
-0.309424063582667
0.00736735025258803
-0.633012008947195
0.227451601422703
0.171547191052387
-1.52364045992635
-0.828673911269729
-0.625716176651743
0.0441492973850102
1.01401918812526
0.198036117764843
-0.441126170735049
0.878876312394418
0.286492980930713
0.617249011528615
-0.119848447659015
-0.405999635708147
-0.136842296147896
0.942726429622834
0.901775794283061
0.255791698999707
1.08700814998292
-0.254506427799086
-0.60474437030041
0.300022214492831
0.126320151803021
0.0621287497192906
-0.374267596121857
-0.267168438993015
0.204108929189286
1.3525339867226
0.48283291944627
-0.0410588107559031
0.767276205166017
1.21424369742488
-0.0784183609562547
-0.748166059050414
0.626912553396552
0.377234781579146
0.197701380451281
-0.0549949779402849
0.517180453277651
0.170148734377527
0.200855473732564
-0.0140293230015236
0.331939998782745
0.0362765534903959
-0.0223487258778294
0.367444865654921
0.394262967213776
-0.731447832920735
-0.406114247875949
0.879980871043458
-0.883752414765023
0.070661266277894
-0.568131695781738
-0.393688386774646
-0.323991603279044
-1.1125717218578
-0.575813712332006
0.415544444110036
0.223967442576584
-0.394695953831383
-0.421047722401978
-0.552423222167781
0.136889551045726
-0.776736786710599
-0.0287208012553828
-0.515864970936602
-0.0986285546324659
0.465017428716852
0.0586932399708215
0.0489929196585954
-1.41145648241453
-1.00623535214774
-1.01419340817642
0.169410428279089
-0.127791898364677
-0.825159550108921
0.160347226034765
0.366344064113642
-0.253837945746465
-0.166036310690273
0.758769361120293
-0.262055194552866
0.133408131596721
0.721704935030284
0.452483340749688
-0.183179299309607
-0.124345007814901
0.398602482573205
0.441423267973819
-0.0046183058548821
-0.232119389179909
-0.573319260561442
-1.07496719852645
-0.239279155580082
0.0365344350999008
0.0165586687904404
0.546376108980114
-0.0980323149706315
-0.975449142111803
0.575898946141866
0.811646934828558
0.885635893583216
-0.230732391872071
0.164942023779116
0.96540608513808
1.20444460299177
1.12980932494927
-0.613909696130412
-1.17309505554405
-1.37394506186507
-1.22519803032371
-0.48660557228452
1.00497122847726
1.21001217528877
-0.0129767356865817
-0.522997401316745
0.353175488691425
0.388055549550666
-0.936412853755108
-1.51771880569582
-0.655204986270205
-0.577908759182274
-0.774608614660984
-0.36574685772413
-0.558228564120366
-1.29820895339123
-0.286359816799593
-1.05321489645125
0.30558490559947
-0.434786078397625
0.149284658162598
0.0722785695132166
-0.777965624909478
-1.04452783035532
0.00863725741206542
0.91483586894386
1.24360814205784
-0.0926442997678527
-0.454712360324874
0.220317126854583
0.332921801063239
-0.326942211911985
0.448254100981004
0.00631434411122397
0.122464113723387
-1.43259328174964
-0.382170747296697
0.170780214092874
0.450708512040871
0.971674088578986
-1.06655050695494
0.256750939569462
0.0451655597139352
0.576310851594887
1.66279989172198
1.34373409493385
0.691786128094649
0.836377472587196
0.0926184292633805
-1.35911796453843
-0.198496327562035
-0.916425542089807
-0.0911279039142323
-0.301395440747491
1.1225804550601
-0.470845225762165
-0.00792804897104413
-0.864309712362706
-0.291408684950706
0.0262806745021033
0.259199210968693
-0.474314812587516
-0.0754805814616687
1.41160053585398
-0.754378923631284
-0.925785328639256
0.798902086814482
0.724504586383251
1.04236732133077
0.460693326131746
-0.591974543136896
-0.387994156864341
-0.190506278062896
0.760284259058677
0.385962829646478
-0.27126294403244
1.03393624305553
-0.787767185553026
-0.822594217206219
-0.58977683649123
1.34065110880087
0.220651176821095
0.612140943132767
0.338089973653861
-0.00993378177700811
-0.513962263300908
-0.569768498788876
-0.0455555253187525
0.498081602943304
-0.455083573967613
-0.625698005134091
0.750711319331086
0.379109421427279
0.248058028556678
-0.062114811251824
-0.806620037138614
0.351733266158061
-0.0708721864285873
-0.879553649065813
0.319663903719233
-1.16678015647058
-0.1364920835821
0.174173928092585
0.330193320866451
0.281476675139668
1.03081357061774
0.32341639344292
-0.0158298544650255
-0.35221001925821
-0.330192336743281
-0.231407543421041
0.505219444537581
0.772809688881679
0.875306019061694
0.944373933114275
0.539933732587737
0.337466086042779
0.0184485117894403
0.0146651555817096
1.25457285414159
1.1438566105377
0.691719997011326
0.23694530318275
0.942618841175115
0.690054287524931
0.479701315879072
-0.819965540118146
-0.194594342481754
-0.868287975968252
0.239998313914759
1.13394915322791
-0.506461363377031
0.618659981538194
0.637355847060822
0.0957253042030248
-0.658928527822775
0.469023280722769
-0.532024416040474
0.0291834906812387
-0.841237069388901
-1.604876191238
0.709775872953446
0.323113731861992
-0.0381814939235296
-0.454941476291117
-0.1184558493567
-0.48146750324148
-0.697276717650389
0.0398439558292575
-0.244898148546097
-0.936637896432703
0.596631227554488
0.254647583497689
0.5801965089218
0.849347180424539
0.538504059537639
-0.23620674040097
0.474455134423043
0.567101623802577
1.15467283410715
1.17918975374757
0.956013765138188
0.397622458296758
-1.48468259346454
-1.77719356775439
-1.29248591605993
0.305443110078958
-0.0983489893930181
0.485263735394639
-0.617551645968006
-0.733169711788763
0.179913833174203
-0.998616516558684
0.212439180803435
1.04988421555085
0.194170741711887
0.192344355967478
-0.0482879880518763
-0.371633377138078
0.567967445050516
0.928472244291272
1.27508028582724
-0.109202575129712
-0.624881958501398
-0.125424965774887
1.08657646696869
0.923134061278247
0.166578045979097
0.58414048608621
1.074508978312
0.378776846772144
0.102392890921126
0.187399147270881
0.389370916464475
-0.701130558735536
0.0980943235799557
0.768033034732689
0.246832755356395
-0.552351322679744
0.768739198904108
0.461653390143258
-0.573643373556614
0.95137630010053
0.248043679202563
-0.159532233884458
-1.43073554482454
-1.43361545098072
-0.72132948766931
0.0368205106559473
-1.97841605044847
-0.656149962260435
0.536253432530493
-0.242358518530128
0.328673173078538
0.0872350941957004
-0.63343789598643
0.813930835868215
0.0829130852968831
-0.128984436371887
-0.378239503246676
-0.279624958986473
0.452992850348398
0.393149155943167
0.249603214110782
0.726365890180586
-0.295373780653466
0.174396566186648
-0.487933092704238
0.43380238139622
0.357497536318351
-0.680350201311806
0.484127829183299
0.342574530721039
0.315423753899907
-0.766390788675791
0.130190200258806
0.713428356672334
0.278542309225192
-0.639872088735732
0.425863139771168
-1.08138419289346
-0.0299644293808915
0.797198062502238
1.1457819961628
0.757329788326385
-1.42797652448257
-0.682508898237796
-1.19599968647941
0.362790890870254
0.627596851825763
0.0181470957438186
-0.889019572877251
-0.474768656144635
-0.152902617072897
0.681349191220552
0.70623272877673
-0.612025628961738
-0.138585485705502
-0.144284142390094
0.577319198431624
0.01115254340719
0.0315647132377516
0.0471064093562052
-1.36151034659379
0.0862493501535595
0.202918701434276
-0.142543279173111
0.589473666711291
0.781510209017534
-0.114459244247602
1.09922172672862
0.287218195673681
-0.0236827146777013
0.921928588626023
-0.198163152893571
-0.122555853411717
-0.723045647034865
0.0245026556984313
0.540221946142841
1.0754921592218
-0.236794796867753
-0.868836681683843
0.468848224283423
0.421403954324945
-0.813694315442814
-1.11888720889082
0.561786231582642
0.0592339346653804
-0.954984675052761
0.838782546034569
0.760919425880164
0.958263147822586
-0.635981305392774
0.494773044109906
0.779070622236722
0.158111037943208
-0.301546442196201
1.20152514310029
0.547759166711437
0.00205668934007578
0.372140797030759
-0.731120551260616
-0.915703053118833
-1.05931418209688
-0.193496561359797
0.614961466646262
-0.372325894760254
-0.746398840370967
0.21521872492398
-0.460455887221676
-0.0596182658004097
0.398527023174128
-0.00580580716539476
-0.439466682123277
1.30171954371691
0.670334157645374
-0.487495124688878
-0.152550778573857
-0.0748628420123081
0.00496857373577742
-0.372025808266292
-1.0480639015709
-0.0131067427204467
1.13358766769864
1.84584093623455
1.08228208226254
0.046419104659264
0.493642865950789
-0.301327097243214
-0.174512568683607
0.26890672234413
-0.54876815464632
-0.485887949167089
0.227728398511532
-0.250669933170395
0.302203924286767
0.950763340066392
0.321447962561979
-0.212965291291315
-0.942967065597919
-0.183313955000707
-0.96551618828785
-1.01259874634314
-0.125008997180206
-0.309831093714803
-0.596384148139638
-0.512263384039944
0.0759228978058167
-0.402006272990787
0.219248920508248
-0.712317006622586
0.118105696938639
0.146700989824875
-0.852299500163495
-0.916526936670747
0.745144391701197
-0.140015331279926
-1.54489114276156
-1.1055722053854
0.879606783833089
0.157474589438817
-0.270814224481393
-0.10425003930167
-0.100123065387412
-0.163884446968388
0.195997659916224
-0.112967931644528
-0.241355095130232
-0.132558627346821
-0.668065229445832
-0.0762832105999748
0.743117871420407
-0.718230365974958
-0.769410084853192
0.07412353685025
0.682795969176579
-0.437412771932227
-1.2363626317741
-0.185242670328209
-0.124436814388597
-0.684580700817966
1.10120365585392
0.471116236751521
0.850378449375881
0.858766558711436
0.0789954579335148
-0.476408755828316
-0.927446237985699
0.0112970293759184
0.698296972067388
1.41981527946197
1.8234857265604
1.3462203360769
-0.73188017975869
-0.560710260824304
-0.058604485829127
1.89051379936308
0.0915807786245795
-0.423380785230037
-0.814807152176417
-0.0680513397923691
0.993679846350018
-0.278701173622505
-0.513065961155969
-0.457255651749312
0.442239694804373
0.211769392272202
0.194998494207616
1.28704230371451
0.531138207360361
0.0880123537049345
1.37123475443232
0.164052606671969
-0.282246673593841
-0.261694968560005
0.268608153496257
-0.216608686073105
0.313699185673641
0.447429185017863
-0.788354331068388
-0.876048413351639
-0.516885219034307
-0.609522052995035
-0.235339627480193
1.05567760918547
-0.27068227466818
-0.859842683960306
0.868972040125713
0.197432145880525
-0.615037827957276
-0.896810026912033
-0.396235035367862
-0.141583195166925
0.454301091087548
0.200648572425842
-0.799339878346558
0.71105870117657
-0.306576797594306
0.779216365054102
-0.627131122817618
0.21508340973668
0.39203645750189
0.704229739347295
0.209422615571545
0.347168153383158
-0.328003018313343
0.286673220663038
1.05850705077324
0.398052280069941
0.0947117435408539
-0.00690339115238811
-0.171222825339855
-1.52293919824092
-0.390670330764133
-1.45160520764399
-1.71179012829235
0.537315656604878
0.37334356283577
1.07097151223007
0.196958211029444
0.0843008596820764
-0.329609215272986
0.387282750955415
0.72564941418557
0.927123740891906
-0.892593031312454
-0.644869910025182
-0.740433147796053
-0.797298779790171
0.0750885244497872
-0.207148134866799
-0.312507499733554
0.0322847995816537
0.961828448544513
0.0354538728796995
-0.725986341742775
-0.680438544558578
0.371166342748978
0.515027645285744
1.27567173233105
-0.170106578071966
-0.498997506174007
0.67440235930577
-0.603852403279429
-0.674835982249468
-0.49882653860894
0.256317419872678
-0.248530890965738
-0.417357231348737
-0.50764537949692
-0.130218365354101
-0.663813779986347
0.639389653154949
1.27164187266817
-0.0527709859317097
0.840246442095744
1.6981573005415
0.845384044115193
-0.528786863198205
-0.133845882931431
1.03093635609778
0.531239463086163
-0.182405404653571
0.300503487129675
0.558084599355726
-0.960028020319835
-0.732681476226123
1.21183630248438
0.0765764158002381
-0.620562830556908
-0.134673760507041
0.182439880530013
0.374074456647428
-1.06863548108857
-1.11758510903813
-0.0243507924090864
-0.780648493077167
-0.134534356850436
0.167566840868172
-0.214179276421407
-0.0414928512904061
-0.322801455730262
-0.297153258944513
-0.0646676823486887
-0.536485772208607
0.177404660313082
-0.0838296966261617
-0.580183513675746
-0.105130758484938
-0.32006709563366
-0.00865443468653754
1.12362818466775
-0.134267018122155
-0.555444261199718
-0.235875120385486
0.606932443684179
1.52933233997869
1.18848655891619
0.471186783214222
-0.387906119793097
1.33393030030174
-0.127623293653906
-0.312876913217275
-0.881482022233735
-0.17618642530702
0.80816857431555
-0.196696067519926
0.359548305476181
0.936644748987081
-1.21786582059715
0.0240072065448192
0.630084138622133
-0.363681275998937
-0.0489812567197757
-0.177458150691522
0.0986121408997969
-0.790207645579593
0.498885211874304
0.337578545500614
-0.297149636754409
-0.699124006522175
-1.25890709611374
1.33518642918933
0.766116654976019
0.161240798672436
0.0326182936263353
0.149411012486078
-0.797859136602572
-0.291529905557252
0.625961006083305
-0.105148378997506
-0.274742020617608
-0.292572555541455
1.4665743250194
0.908864575151979
0.0140208591791229
0.565598195546758
0.318112047180355
-0.0254703557406404
-0.837929893100435
-1.32199416109452
-0.496220515475243
0.0314484172736834
-0.496973893025072
-0.22654483576243
0.871674564955798
1.03071921294699
0.144268279524993
-0.154808704058259
0.650497016727817
0.205837265895457
0.150984648034274
-0.154225586628069
-0.350316812254464
0.930336919235842
0.304949521115206
0.525057171897041
-1.71035420076045
-1.15340418391792
-0.0119287524066244
0.246275436442128
-0.763160468330748
-0.0313438254177991
0.190839986653493
1.53846798098175
-0.153297320866697
-0.442187410531004
-0.111290597195158
0.0313922846985243
-0.744925513954376
-0.432114582220145
-0.0185106907228625
-0.718208323028869
-1.07032950242375
0.559481723162804
0.89518597857341
-0.264903324420712
0.0463254655972224
-0.808515998289659
-0.125551490518315
0.299913387863144
-0.207333644374671
0.369759824763472
0.320668035684014
1.07679644541082
-0.480408007852174
-0.101024291745629
1.03868687596514
1.26912071597158
-0.668526674182607
-0.698012004319607
-0.752035427926594
-0.652147751104012
0.343650572261888
0.0599846075213104
-0.738683649576712
0.776896886613993
1.0944441965603
-1.10947682304232
-0.796718490329011
1.21672333225702
-0.297201420499841
0.342612014589615
-0.221087453417469
-0.219009588014432
0.0803164913961883
0.871210789058737
-0.406627600768801
0.528713139998569
0.662843676744501
0.111509740876522
-0.0863932660540817
-0.377546803678313
-0.0598421969282322
0.437982403168133
-0.451512580490359
0.21590185005697
-0.405053993104504
-0.165080851453933
0.0527607624775758
0.562197191483019
0.89736220875246
0.219335814911717
0.984200578310558
0.227052221901712
-0.154391853287713
-0.313741795794638
-0.142156166109514
-0.621205369260946
-1.4285286563878
0.164325751724309
0.638389611250982
-0.0632401041423946
0.290536083179812
-0.44108925186529
0.115796009665114
-0.765819414847334
-0.115125566678372
-0.394517177450121
0.0784845659031434
-0.438212584261959
0.305916740189776
0.423354603328891
-0.738072633061111
-0.392244342661603
-0.0776308519798268
-0.149802607130396
0.805897713233415
0.306905214583323
-0.388476440574394
0.0452615234094179
1.43476946053938
0.0391595496766906
-0.0721089028489792
1.632190361718
0.143269400653049
-0.49477691029507
-1.33277245307055
0.902425331183115
0.90643688157192
-1.01603799838368
-2.03241101226151
-0.825475277508685
0.831623114621171
0.22154604249244
-0.686151610619657
0.430425412407241
0.964904575694046
0.220861412400198
-0.708832780212412
0.833029441121753
-0.063810450947838
-0.357109976338868
-0.810974706245817
0.2472573681915
-0.0014991810080491
-0.152832906600905
0.335383240971239
0.446971292611744
0.267393660770319
-1.19957191644297
-0.337405959843296
-0.364295386298472
-1.00063543132792
-1.39085516112735
-0.0867783260872232
-0.372517418083546
-1.15790407515731
0.783503333248393
-0.547336365787081
-0.557419602393025
0.663300436003998
0.601773407904429
0.469731304638591
-0.178612733091093
1.05788639237256
0.329984031875524
0.0974022100235485
0.00177647740701339
-0.424057815154426
0.550387439931616
0.733065544654291
-1.343264728118
-0.246128248949008
-0.214933864613649
-0.250883719277632
0.8195034745531
0.336793862686435
0.312871754245211
-0.239234178747826
0.29792167053404
-0.133032152992697
0.0373026351550433
0.434004184230697
-0.269294916476829
-0.462871682398707
-0.21053058424127
-0.0550687729940016
0.304249160612811
-0.0574674776399302
-0.229406457587535
-0.130025537319496
-1.14878346427564
0.199297458230838
-0.217328881739617
-0.689799845076567
-0.220944308540109
0.438131642209899
-0.948991695278365
-0.580670167622349
-0.0186962855885891
-0.871568860887287
-1.7131481938515
-0.355005270426941
-0.252130590911991
0.428184300835946
-0.401237196807949
1.40924014186381
0.839762241218425
0.645270341627319
0.441263030376475
0.92163440166883
0.0796556550142994
-0.340546307071874
-0.222805250066946
-0.114765397819756
-0.17864319000082
0.118907417584435
-0.316297685398727
-0.790210803984541
-0.410107947303739
0.509752525310577
0.0573009547128057
-0.498895957461323
-0.060377345783941
0.367579621551236
0.443540299598175
-0.182799188377433
0.0153812384949588
0.538898146876445
-0.0323500712145586
0.803174259630743
0.643730814890056
-0.0142480349376188
-0.238276354817154
-0.527580336964673
-1.2711555205784
-0.465836482628333
-0.980821367304317
-0.107497583017581
0.0445112876258797
0.261330176510274
0.819955376744525
0.487175794751077
-1.05880885668321
0.112168571497076
1.05999997948789
0.0850193258855679
0.0132378351976614
0.0891122134681467
-0.623612073797641
0.882087118297768
0.0121774873640761
-0.101964994936294
0.729462516130198
-0.0575547526488497
-0.267770314421636
0.327262973716945
0.552018631691052
0.0868880357368689
-0.422305349260608
-0.449373102759343
0.367047220835103
0.312283352046583
-0.45245214236124
-0.443198838051421
0.533526713582232
0.647878381611512
-0.520547501505002
-1.12391330557723
-0.771538468203813
0.463910184779168
0.693716891795762
0.034335130987436
-0.780089952504589
-1.19250308999469
0.0198331726434909
0.715869660073372
0.167270868346179
-1.51600688751416
-0.5013599279055
1.11590866360992
0.0718325304587192
-0.697652780988188
0.551531238634722
0.361679157848398
-0.060487440935638
0.0903319524177895
0.752827898212637
0.175264547972281
-0.177327385689239
0.627288233935467
-0.329258715038436
-0.0480393920747568
0.864662817179678
-0.0518479184216365
-0.894567866509468
-0.467927518146277
0.011361770979393
0.853148842570067
0.778092020965125
-0.813486392822513
-0.949861749842424
-0.323760807901495
0.0671183411250099
-0.553367330932909
0.568579887474952
0.308072318310147
-0.953005166903705
0.584336963199804
1.58245920344843
-0.894851405365324
-0.30098551455536
0.428171031565492
1.24025276147291
-0.191925162363375
-0.394010421886357
0.187376727780529
-0.142349534260134
0.233612702286527
0.783441669567615
0.118900525311521
0.46611959604208
0.066495976162541
1.15335119011304
-0.579711461769612
0.0135787242979432
-0.406398282907892
0.249195076624598
-0.303995649986394
-0.186060986659419
-0.0209371501213456
-0.890920183200189
0.569092008450385
0.444966644255711
-0.626520620799924
-1.36512026625754
-0.932066925376941
-0.253894301357458
-0.443752050501488
0.42574911006009
0.770687970203503
0.3034602437475
-0.00127624579560495
0.282107494742061
-0.742698582034368
-0.411045653250877
0.456770198299307
0.782185611116174
1.76257102100008
-0.80621528395502
-1.26497771802366
-1.40067511709983
-0.627282697703602
0.378640889061154
0.263869341174075
-0.690822816135277
1.91358991968145
0.991346046992006
1.32558803400464
1.65798333430226
1.66647756245019
-0.247604024427673
-0.672195818024185
0.546135161762259
-0.0202824472300879
0.798360261027161
-0.349663981755265
-0.0235901400349092
0.602220219449773
-2.03187165037631
-0.923518378438209
-0.828038212740106
-0.721313450989396
-0.310906820168547
-0.560161189648358
-0.418100927033627
0.0966249492437301
1.74262036586605
0.221378779543856
-0.350817689850517
-0.35755857137522
0.0828909922710593
0.0659873634239665
0.76854887760699
0.0706901682212959
-0.0740229875333944
0.081139692419931
0.0636915839349971
0.883479426195682
-0.00457537424899804
0.835828632863567
-0.342330851100382
0.484893884920677
-0.210135063767692
0.682213766744026
1.35477254370832
-0.475698570229129
-0.608386142020951
-0.429901092392984
0.635442304892706
-0.749637637225324
-0.613265653532944
0.315665916391454
0.836328335287215
-0.95329566628148
-1.11312297962644
0.105003186955903
0.857937046347041
0.29492690203069
0.9171691579746
0.495766485588868
0.0761271231707821
0.889927757258835
-0.603785144732977
0.465239924716258
-0.44239568466483
-1.51027914666618
0.26442255185337
-0.0431757403465228
0.24382544662212
0.761670406610488
0.56893333375143
-0.40452493755134
0.132796039883778
-0.465180347901595
-0.228055347686289
-0.722641991279095
-0.440389726008365
-0.139285837213043
0.00514632961736598
-0.351619331087717
-1.40435020388638
-0.75266647150423
-0.573336758973523
-0.133296810147741
-1.32886017162882
-0.0367740996842509
1.88779504393527
1.1661312574153
0.266828888373428
0.16156201591883
1.2606769611238
0.417142472386375
0.378530940474508
-1.03637648765859
-0.655420493679418
-0.861097051158923
0.0814231956555351
-1.11584769315309
0.195394485957292
0.414873672856078
-0.286733774184649
0.569646023142057
0.983023969307392
-0.222729551899193
-1.62833606218745
-0.00537714091943248
-0.719081039469858
-0.367700291893506
-0.14284093610663
0.175353490320955
-0.524258566921199
0.541719669933222
0.832989285076515
0.202055830840294
0.0639421201549068
-0.429837132022072
-1.06267768876186
0.271168378699694
-0.416747630203593
0.731959067970053
0.538925504797734
0.658978059959455
-0.761683001094276
-0.20073738315514
-0.422238009360028
-1.86511527634347
-1.59565280557401
0.776970724900394
0.671140413679838
-0.506369700376708
-0.407844525494931
-0.68209174808091
-0.959275633599472
0.0634483075903015
-0.588451824824974
0.0847449093383166
-0.882075680530231
0.245448902454168
0.666262800298266
0.239113300365179
-1.20977945001852
0.499881869450664
1.04193532892811
-0.375975565630763
0.0342058205678362
0.493422239272689
-0.122483115421522
1.16285163853607
-1.07629703451432
-0.467153074298892
0.607796755752395
-0.72877158593545
-0.753231187041735
-0.328184606310907
-0.556065944300365
-0.302468874131246
-0.699625537899061
-0.787641891542276
0.0509162777161495
-0.0303722711107009
0.38488642517198
-0.166403868690968
0.28177060717879
1.05359459313024
0.0924937986949904
-0.0787398190837445
-0.34266200072139
-0.411756272639708
0.284775955414451
-0.322157183460427
-0.692617366451572
0.417442678779106
1.09707565010643
0.114508279889257
-0.438381910323991
0.300556318536298
0.979827798208698
-0.5030427758419
-0.817136362222544
0.417438850249764
-1.20105075316738
-1.72603539400157
-0.493728648711816
0.389462107934476
-0.329919447269117
-0.324843136579722
-0.556503624947705
0.0993836248369505
1.08713989314777
0.256887775007051
0.00837899093873828
0.400504500268152
0.595012695555524
1.49447761993216
-0.587665248615443
-0.352401899885422
1.42743080214209
0.0990359276137714
-0.105836164134017
0.071425407954413
-1.46462475525969
0.571363727950353
0.366904264447457
0.909049406232826
0.110449722530214
-0.121589864205691
0.214283571217411
-0.0424736409998785
-0.318851339019662
1.0732371356227
0.6748915123849
-0.190005847169069
0.518197356162315
0.839663293545129
0.176771939771376
-1.35995884566475
-0.660695567327624
-1.27056119964977
-0.768532765750908
-0.361710221756599
-1.71083476008009
-0.668136252485149
1.01227621586623
-0.988582740024321
-0.701874415170155
-0.0536821209205635
-0.228325185330477
0.231438120906933
1.18400713740781
-0.269485602062407
-0.389933230201838
-0.226891285572372
-0.39400452316588
-0.917098117811565
-1.39808913720772
-0.775698926829073
-1.23857090977902
-1.15351130090831
-0.00854012618682924
-0.28612235011038
0.462318097445814
0.23264958624898
-0.223029372836413
-0.261894834833434
1.08345627285565
1.15233031754873
-0.031243204932593
-1.13794298909617
-0.604291967499382
-0.314449081635899
-0.160974769798236
-0.449431592088015
0.466417570308271
-0.36679822965934
-1.19533434734883
-0.277374692896549
-0.0210366200932929
-0.124459924011753
0.940197451962087
0.327849776580176
-1.36632611287216
-1.06071053352103
0.0791721785461779
-1.6700089326054
-0.155087682719125
0.247678684355232
-0.280572915841699
0.96865075659831
0.610738034432724
-0.495310387906231
-0.178449866185175
1.13570759516413
-0.225919604268014
-0.538622591445778
-0.0939015817059176
0.945337732724802
-0.241463037114207
-0.806509137939552
-0.914550007599592
-0.396164632068341
0.011550002588512
-0.105959122746229
-0.170966190584852
-0.105170041450912
-0.646533865066736
-1.16053807022349
-0.525536495389491
-0.417317601220714
0.235697211559967
0.511331552603862
-0.390299679020792
0.811113150971749
0.50801045015901
0.115421151183434
0.873207662322489
0.665559450182184
0.687740938345466
-0.241544497995353
-0.234868899713303
-0.31471149568602
-1.19012197714559
0.580133578860799
-0.554231910356937
0.224886394733378
0.194308207851626
0.121048941957176
-0.373100013858756
-0.607780735139793
0.103830944309923
-0.494097966183689
-0.961116904633089
-0.86570117570985
-1.79013352370694
-0.96633169985991
-0.152939327280936
0.361310348491257
-0.185354935884879
0.459316381754594
0.980884555835498
1.59592689083264
-0.1246134588233
-0.620104229259055
-0.047055932761875
-0.82627316544759
-1.01469511828617
0.150816436150891
0.494296024144704
-0.427815793029027
0.0256089786174238
0.689974759012826
0.141106533193976
-0.346974198684946
-0.259930844140185
0.851783063693299
0.0816644670246735
-0.102380762110291
-0.086211619966344
-0.941924997838477
-0.807622513622326
-1.10851794854029
-0.450307055498525
0.74423324992221
0.543378063704311
-0.0995009645881405
0.437210220877337
-0.377620461030614
-0.307873534730689
-1.05530628087086
-0.115524531917952
-0.97795170531587
-0.548781527248744
0.633184992274964
-0.595521781055363
-0.0934237083134343
0.237340348804039
1.09271671562965
0.651498853665578
0.666371806191236
-0.161921573707043
-0.922587720001832
-0.204900191204322
-0.310788488640453
-0.726025896416419
1.20592171009981
0.880848568971684
0.222516669048425
0.154237499678941
0.744626229614654
0.0267638403390917
-0.174984422745753
-0.450797949581898
0.322961260658409
0.0219644487539422
-0.582117650647365
0.0544641117234774
0.332713278449472
1.25108562431468
1.08023936132605
-0.0372204128989475
0.429547688469592
0.232877694765582
-0.351936385907631
0.129956629505432
-0.131643271242894
-0.801031220480944
0.122480026172656
1.09726892144366
-0.184161366745712
0.1467637059201
0.771571749994197
-0.080048882162572
-0.820138669325101
0.440337898408404
0.526617847503322
-0.171434986821846
1.02329077651543
0.468214762555185
0.520706665419527
-0.103087609068558
-1.78074997213835
0.0528832875589405
0.0516062620874421
-0.731019870113434
-1.07623937878654
0.158953273751961
0.824766388200285
0.587978830651374
0.329471540193691
-0.231463767382228
0.673888225371043
-0.0740125864716072
0.173679274405897
0.206711229546961
0.241138776712503
-0.722696425906847
-0.0339920253987974
-0.0488644916964824
0.253673058048668
0.786006423873263
-0.1319176786132
0.235967584891632
-0.187823445545648
-0.111855486221461
0.109376503806184
0.6962458585738
0.622194013884327
-0.454236469537147
-0.159739844309046
-0.801352790936165
-0.485479729024398
0.08744479433137
-0.301759596555524
0.589300816262636
-0.0024004527496332
-1.4872665576368
-0.558842799288108
0.437556003811139
-0.485246922614181
-0.237915267622076
0.640394810772366
-0.495070441579433
0.150087076688325
-0.126938590430507
-0.65873740822456
-1.30849835328624
0.560500589134099
0.663862663107928
-0.264634201877445
1.16515478519582
0.658258458472014
0.535572358669661
0.93807216256032
-0.4162656455746
-0.0556918952230931
0.0612808080763712
-0.205390278822167
-1.21939217404718
-0.137777351644014
-0.805585594444425
0.0116520263551343
-0.339119281404891
-1.32593766602435
-0.469214148988919
-0.244840201015642
0.00769489644847471
1.52500232046194
1.65120263220838
-1.20577706959784
-0.708386086730223
-0.319636035561457
0.223369954298761
-1.02800656437173
-0.662594719720481
0.809501235392596
0.956264919703159
-0.791459304835051
-0.383161123016607
0.174504747791832
0.294316080116347
-1.30659927362763
-0.0221624565961608
-0.731131873221753
-1.23840030528347
0.171042673127572
0.537081095355894
-0.973132120841373
-1.21080637243618
-0.715272429410048
-0.184069602556107
0.200536942102542
-0.752057368488026
-0.473323468344353
0.453240663877392
-0.518302920129625
0.0439980347531659
-0.061920282074725
0.253226563161022
-0.784712276815166
-0.295780363970202
-0.983523621151202
-0.20002167181819
-0.387945804755842
0.0689631448176245
0.141678526305035
0.201593487006647
0.215458682335101
0.357269288454156
1.07603536330989
0.407862054773694
-0.239279472779769
0.0577562249237613
-0.152353490983593
-0.391066221094765
-2.12215484953291
-0.343977391006532
0.145144614064752
-0.522755649235222
-0.195433003926864
0.337590228315724
-0.380144360278874
-0.465987502439604
-0.445714397690871
-0.641285264367043
-0.86111658475449
-0.45719714366921
0.0793233109537046
0.551272758479656
0.367675257586082
-0.371120086207775
0.693768046746308
0.670208188033641
-0.157280794429933
-0.082478100252293
0.553249872644942
-0.247319023456292
0.103597717529062
-0.261354117924232
-0.0774284124183882
0.303723134728824
0.111229775492018
1.09216689826197
-0.0490489771805002
-0.603796006351332
-0.283992403930292
0.544323291943115
-0.0997784183710267
-0.290658565251821
-0.0831165412422461
-0.376542664305086
0.667088269545136
1.37664548686652
-0.146286567525247
-0.900277963838952
0.135530555330429
0.494836485499044
-0.413181569064011
0.25699555170976
0.467802968359732
1.260441043963
2.26670610283246
0.425299785520848
-0.124528053316086
0.134573449743379
-0.438060901458847
-0.104895039628818
0.315754598577525
-0.614901342238505
-0.381785102085728
-1.55106506198624
-0.694825643225395
0.257601739061037
0.201067786032602
-0.234787253006487
0.491346262233791
-0.628904836991504
0.188081413674514
0.807846860069998
0.356918290583241
0.669382284779491
0.0723255849624852
-0.564271517196116
0.302246690963089
0.711808181202945
0.233539922820554
0.733447686642345
0.675000951825244
0.0125552954220339
0.529893833733547
-0.115462794469624
0.919704911350286
0.0438682389739674
-0.750032057822465
-0.506059110398676
-0.00925376237716584
0.488962099014806
-0.216514096060253
-0.017961509446366
0.625809182418254
0.275993503733146
-0.967397299196579
-0.760189810512588
-0.566078516324808
0.124099068410126
0.683907343088941
-0.841482311956129
0.395651462169659
0.153199037866862
0.240528814850888
-0.498469266056862
0.0513477286338313
0.125705870194175
0.119561285714563
-0.567541582812274
-0.347612516934102
0.738899994068403
-0.287826660534074
0.39070811850445
0.41601395921498
0.748363972339811
1.16420101650082
0.225636973477449
-0.309217408837813
0.0792934733101257
-0.00414867598217707
0.285514683377382
0.00281283140454437
-0.072558068384866
0.557029694146595
-0.0727583972992025
0.476091336171493
-0.171099139150721
-0.575676893799817
0.436760439580311
1.05997283301153
1.08926009714198
0.840757495345379
0.319562056760958
-0.055323420185941
0.310151375650122
-1.43715630846525
0.0285368345263372
-0.502601744419542
-1.12542890918388
-0.592710043915813
0.157474000145287
0.0700440855706542
-0.714191953664166
-0.481495294273582
-0.600077706914729
-0.189700733698424
-0.426166701978377
-0.132835668626996
-0.170752983784713
-0.0687671798842409
0.293545846581615
-0.129734909021499
1.24681212337384
0.278328071993617
-0.135966068373795
0.898220455205095
-0.516341797582246
-0.418352372186928
-0.600239772987835
-0.512980288029888
-0.297041211957711
0.129365670374708
0.0724799002439877
-1.1954037131427
0.332603060218641
-0.836314600671183
-1.02744648916687
-0.761382263906235
-0.959670994891147
-0.0987455159992384
0.55875308917515
0.339110407731261
0.796715690625845
0.863026327572674
0.698983226535219
-0.649620578654487
-0.102292966436664
0.307318105890713
-0.764560629422776
-0.608755040929506
1.0467605815697
0.3107434328808
-1.06319780740551
-0.24658250714024
0.303228507972074
-0.652305278596658
-0.0169706691085456
0.125657349034581
0.0511485156455225
0.195528177880366
0.459637890452338
0.411466044166479
1.08512131117482
0.16740846192951
0.949832569210502
0.0148917898980061
0.115146944789463
0.595978692317987
-0.879184767752644
-1.08141667472948
-0.0128434822393547
-0.0368430259625852
-0.708900092745884
-0.718987661357658
-0.504008647283388
0.459921767441647
-0.0728896359984149
-0.0786124996118961
0.783070197909326
0.788709560693739
0.696027810241832
0.842697626070906
0.621088925593099
0.664516550750003
0.848799815056819
0.696845902544555
0.317019629033053
-0.456557831436007
0.770512449803866
0.303927624015495
0.846321199382956
0.920888909187997
0.611008032868561
1.66017413736859
2.29915633264119
0.493958376382864
-0.219126765287667
0.0815526412021958
0.718402255781909
0.815879063796613
-0.386139686346752
-0.114192139897076
0.463523729048953
0.465488015099348
0.368985137873863
0.680608218454928
-0.981564998621192
-0.393041246505546
1.43742747944337
0.0271445898446984
-0.402417796292555
-1.04045002686741
-1.62800415971285
-1.49455779144561
0.83950740382946
0.0612296473544658
-0.0795928804142766
-0.328510463851879
-0.404235933538577
0.996527290978097
-0.0981784630473019
-0.519445605103042
-0.179834749789786
0.907195674596759
0.441755547662143
-1.26905181658267
-0.313933732003993
-0.344276747186438
-0.374679035078472
-0.00412756109969634
0.23390256855766
0.229274866645093
-0.421108234894806
0.296478034435491
-0.182891300740134
-0.151614103461153
1.08863187272977
0.265366170289601
0.703818162409608
0.155991456362467
0.769207444452101
1.05271038086273
0.371071991037593
-0.481563448435556
0.199120289720564
0.517044672966228
-0.344163756660017
-0.247440338327779
-0.319985467927178
-0.577087542063795
0.0109034214213275
0.165227763527171
-0.335124068525818
-0.272986475167244
0.494777190860357
0.356900388842478
1.15630121467015
-0.0443490755901895
0.613089380793501
-0.247343544224226
0.21189115435971
0.347778707396244
0.129229180041074
-0.764933943048047
-0.845282302033372
-0.0156533824248431
1.92974632254662
0.519285728756447
1.38245795417146
-0.265919455744632
-0.902786791910537
-0.0215937179459272
0.591060787450061
0.517267998697906
0.835215093967307
-0.707695183494727
0.567564362890018
-0.607133529805596
-0.210991957801479
0.399637969035039
0.700712049503274
-0.0517550628125213
-0.0617315299448461
0.8240816358951
0.362338178614934
1.37717200584215
1.26337423648456
0.335462314760211
-0.421022120082893
-0.53332326817962
0.829160109183031
0.633929565310574
0.103963030781675
0.859193049062332
0.336145046628112
-0.533419456315626
-0.37603184356465
0.153068696920856
-0.338132321878598
-0.0402535374072598
0.883458777100735
-0.740268956530174
-0.815533665048658
-0.217169908073938
0.222406497468448
-0.229843843102699
0.45515349313371
0.851724718843022
-0.176874455287416
0.0256675663786277
0.382730436482427
-0.417731538352731
-0.395867167780685
0.576297362983156
1.00617776480042
0.809908172822523
-0.423983427180545
-1.31800846422078
0.088882921249026
-0.0137196251944508
-0.44885405717757
