x
0.619090522685336
0.749170560998643
-1.2350727529422
-1.17487267923551
1.3580911114808
-0.852354724309855
-0.379439038818376
-1.36305392375658
0.440319910839251
-1.04268991562734
0.395610575977798
-0.834832974143923
0.306486454664398
0.642761625041733
-0.148020065063259
-0.600961117632129
-0.112003477221519
-1.56635223523121
0.849092145433841
-0.912842468810797
0.375946333608789
-0.555381331919285
1.52321306915257
-0.671798343481739
1.11917204828547
-0.572704471522565
2.17063370908848
0.982287786482226
-1.80017088352702
2.78147988384518
-0.351522645683881
-0.317814478688376
0.340575816923618
0.499164323137429
-1.39192697583428
-0.279356226092056
0.034533427435199
-0.263800442008196
-1.05000594188752
-0.488350201129122
-1.1082079439143
-0.284893621805843
0.0408978741750689
-0.14105061809823
0.998124353060765
0.999744872528923
-1.6803953272949
0.956472768959786
-0.130708784594375
0.52694499761019
1.90476181445308
-0.704215953463749
0.865079433432116
-0.249772935434873
0.0168930609560577
-0.00555013540324242
-1.24463820922922
1.67397233305171
-1.55995427141919
-0.900877502072652
-0.346209195758429
0.136446688822084
-0.480948092641761
-0.0791495570193998
0.440259131640419
-1.01852270200663
-0.847686953558019
-1.61129750885674
0.00780971857480781
-0.419481327909942
-1.35532927722221
0.412977500117165
-1.07473437294172
0.275786927237509
0.0979628955901974
1.4884104091062
-0.246984690436552
0.968294611185091
-1.06162680513058
-0.426790200243985
0.704788070560599
-0.0953984286199976
0.780185545349049
0.0367843165178556
0.0535910980943261
1.69548311936649
-0.216419195294712
-0.360530651550612
1.5998725603304
-1.38083737390382
1.43504865079964
-1.43589568947105
1.10066229814716
-1.10672103618675
-1.20641552514343
1.29876691603913
-0.398801573320728
0.507456511948537
-0.0345462018285111
-1.53238805070328
2.67130078559433
-0.481828134473161
1.22100956263271
-0.689968612021042
1.94298822165589
-0.817985493976751
-0.953067615753624
1.63937534286986
-1.69296793802161
1.13906561486184
-0.837319725363098
0.973113170401161
-0.633492503444397
1.28750877877541
-0.858675385781606
-0.45068054483086
0.0209893306607455
-0.259242440375905
0.0235054308409023
-1.43756862958348
0.339682998897203
0.367154728807046
-0.314826918874374
1.60281107034575
0.253721280543933
0.233874091001851
0.978968724919804
-0.575706105039016
-1.81060545007532
2.16144895112645
-1.88290886706169
-0.275214501049156
0.00118385000512911
0.867754087346122
0.531194938575722
-0.451301299521875
0.517505458223453
0.57456188416985
-0.979868464960066
1.68449894615536
-1.01139295112478
1.6904808404151
-1.241672596669
-1.27031340012684
-0.242737182482905
-0.155000232872363
2.56546980190828
-1.54526559651913
-0.0917171349399017
-2.30984911816159
0.174170227569528
-0.289909793819904
0.188308192642766
-1.22711553747531
2.11584259514775
-0.721450202439693
0.451778566586227
1.1709340191649
-1.56506705505574
2.89575357920178
-1.00112000660843
0.16801176824504
-0.724990431818909
1.27731898861574
-0.227170355551491
-0.596768426731787
-0.905344376856127
1.01589154184441
0.40584534570311
-1.11313167206359
1.68808206230636
0.308709494584835
1.52204636148667
0.211882653191971
0.720006759773177
-0.490588428676915
0.384964084177404
0.439847551105672
-0.939739061883301
0.578440155748308
0.0465933331259365
-1.61720971818221
1.01675482088904
-1.43135276107337
0.723224388084723
-1.59909945390298
-0.22957448233116
0.370085726703498
-0.672747834865854
1.60692603235359
-0.383292053135895
0.250203980100172
-1.72602867093499
0.220967171575314
-0.0800964930559672
-1.55784278705621
0.0590354163134708
-0.777046163029293
0.9160619157047
1.47842307735741
-1.26986907366817
1.02335850051451
0.0436848994235802
0.0797214971251329
1.64554671906781
-0.100947535109344
1.3753267168032
-1.71925069276652
3.18838374127239
-1.59421614511587
-0.356723558255224
0.965801333469434
-0.0401142470181843
1.307382297258
0.141256730431126
1.34230962482759
-0.168195921412469
0.678525896447654
-0.203946235745295
1.1431125566549
-0.8653479904206
0.528586333468427
0.819387808608431
1.78071912210725
-1.09408037201303
0.10818928652693
0.527135878282041
1.11844828278011
1.33750593230781
-0.25935277220249
1.01383230706522
0.601069687926218
0.855012421934071
-1.17725439713104
0.44585761231677
-2.14749063177261
-0.622930487219387
-0.79695224980001
-0.0783021801602512
-0.257313104078322
-1.83894799297998
1.33650848442553
-1.19620298266523
0.760570982028495
-0.954299763917816
0.789965882631595
-0.881907621879286
-0.0825795456551263
-0.489054311958314
1.95117217918295
-2.58008284639073
3.11507548952304
-1.01644355686656
-0.202166330484324
-1.09694575076154
0.867278710487418
-0.906285978163746
1.91366015251397
-1.80319257784389
2.18462269465585
-0.208015900480515
1.25122187289603
0.603540987377087
0.287824952214117
-0.185696681624162
1.33192709987826
1.54396287343378
-0.693384029266792
-0.57219577433662
0.0730209732585927
-0.383585157958135
-1.02622194019023
-0.81194525813616
1.21850470597825
-0.872134721693228
-0.142294010986023
-0.0326364607387161
-0.930112744919698
0.618915358972111
0.793969299750545
-1.07961891130987
0.583207883133489
-0.289314003611301
0.787146494593642
0.482146734576019
1.22649201492986
0.137155621176931
0.180446890396475
-0.176626732934754
-0.0752837932166393
0.353622346971971
-0.142477861243986
-1.59380740694155
0.307814730341095
-0.0669482958486542
-0.226272552677073
-0.597893153219979
0.104272147879595
-1.36347201138794
1.16478880931976
-0.342725550558219
0.0235987996900047
0.477397054296987
-0.676569718951263
0.390740710686672
-0.0387155896499622
-0.672942592215651
0.795885264679383
1.13750959354265
-0.618486108696662
0.829227631629748
-0.739576102575462
-0.172837118132385
-1.10899962772901
0.971244697650353
-2.4141839244687
-0.832827532405346
0.0203627899354715
-1.00358372258926
-1.70224484637095
0.560568464632669
-1.72067495039447
0.221479076963066
-1.91964136045578
0.221771257547113
-1.39861055433783
-0.844328076011828
-1.64895007726317
1.55902860936091
-1.1378374041945
-1.24073770893042
0.375804688526444
0.437853156097183
-0.110386462688735
-0.570696852433994
0.642774823928761
0.0538503010612301
0.134365136804647
-1.08214934764401
1.18854870633595
2.09664951875292
-2.0685584147302
0.350997736635394
-0.619331750314841
1.36430806547212
-0.48311060509281
-0.752114802586258
0.216552566134448
-1.25888008447023
0.413167924176629
-0.746498452515927
0.370662148777518
0.659040149343098
-0.226171900729813
1.45259918090723
1.32565732301267
0.543685327538291
-0.376085522268037
2.84093193295948
-3.10546712037736
0.00108271070774572
-1.16783600154618
-0.74010142142804
-0.736211713771582
-0.324219156555569
1.39484724089937
-0.657262347154422
1.28863206067157
0.490501275256196
-0.0104291619469541
0.40405971192651
-0.859114005392311
1.51541140236375
0.00422408379853262
-2.23081581481782
1.84254646834536
2.17724524327509
-0.427192362523013
-0.594912576542111
1.13547035207023
0.673343232806154
-0.526176053077947
-0.00646420982868695
-0.587815109252592
-0.175392044786779
-0.0634313393019709
-2.5995550145523
0.420858025446275
0.0702973809030708
-0.265764285479303
-0.0662937759735733
-0.155065247351489
2.63691735030191
0.289356203118363
0.042045093085338
-0.827248809005399
0.910268449459125
0.104857410680774
-2.00473299695967
-0.457137841642371
0.965928935626827
-1.34475098537956
0.786509972260936
1.19825715457161
-1.36053960024752
0.502326894296584
2.23564352364603
-0.593534474643237
-1.56271935192407
0.582689039828829
-0.0607034386479767
-1.88303105220256
1.12967022670787
1.35278095229058
-1.42295989035421
0.538649690480072
-0.614259275796828
0.278053380509866
1.09463768264583
-0.531806374392191
1.68936699866657
0.0177320531760509
0.424627172699583
0.633040603981462
0.428229851937714
0.8215175507011
0.1881762272642
-0.120121666693587
0.507172551871817
1.31816967429869
0.3052724499474
-0.412514578756219
1.79665511200354
-2.54338151002084
0.377784483639901
1.51226206644449
-0.199160723638077
-1.06521951147606
2.46335451129503
-0.783289759062202
0.658037097728088
-1.1342303071887
1.73185596248272
-1.00028534899689
1.57404730430151
-1.89652639405155
1.00547705755823
-0.481966329526976
0.178942408236603
1.36141433583255
-0.660447909563097
-0.410042019947624
-0.629022142440409
0.541035557462241
0.0430054417948286
-1.04636651181788
0.159788744088732
0.302439208301022
-1.12749015343501
-0.864164373194926
-1.37440404998258
1.31261583459412
0.782339141401614
-0.585297282029626
-0.683039883243737
-0.480027611513326
0.516161560918044
1.13845588854102
-1.72227473660163
0.733340389048983
0.294148497253076
2.14978357905771
-0.890524597150812
2.319935859211
-0.091611535342132
1.14373738436199
0.741187925566698
0.872398948299287
0.82597111202026
-1.13578922379196
-1.1950301594716
0.938162338336938
-2.68105918763615
-0.793086607693781
-2.35550256939055
-1.07030564484944
-0.098981100788596
0.10495959701602
-1.01249875641848
1.71457641024084
-0.217903789289
-0.25303559411948
-0.0651310772722185
-2.48146472516801
1.1618409049276
-0.369794893159844
-1.69546926512963
1.49150689023685
-0.283992906451961
-1.70372887761343
-0.466382954975804
1.6598041621778
-0.461707844531969
-0.149741236978843
0.0660162201273501
1.37461344618228
0.0579610117699206
0.402398580911492
0.36924919885386
0.733219430382507
-0.343040073096645
-0.285798371542031
0.421897058901392
0.894605830896181
0.658973983574544
0.409438623853611
1.42631400929853
0.186667253096446
0.0519528467841337
-0.457755223004538
0.617117709964153
-0.815882819061024
-0.189750614862224
-1.33623328634596
0.236744024913593
0.208279211390208
-0.696181944227592
0.658781979418958
-0.502375413874149
-0.0185566662018496
0.626270674803424
-1.12262441928589
0.364923053031039
-0.241986276296949
1.48580102593677
-0.487155575946673
0.497527348962345
-0.336354335812818
0.0570373911808142
-0.440657909203481
-0.616590881410079
1.31571105046111
-0.161777502761184
2.19167847766988
0.588409904583667
-0.622247577151023
-0.392420999878111
1.25768144946348
-1.50943689869121
-0.568693491064339
0.0572622474255762
-0.309854667565352
-0.425083731233879
0.970911979601018
0.606514875289082
2.98329203360012
-0.383939990230922
-1.88510648799699
0.376692702176458
0.188948667206043
-0.0660589139892757
-1.56274029597702
0.695617189998951
-1.60899838389839
1.16617765935717
-1.13372367791404
0.161697267315026
-0.207235177513485
-0.0407173692320185
-0.87570700189213
0.542793218077301
-0.841040386940845
0.459571091381807
-0.27321978561084
0.690725470924827
-0.302999404275962
-0.47754633181995
-0.163338238909629
-0.390587633490005
-1.5828866550617
0.580461682770891
-0.425222204847871
0.952352237276528
-1.51733116213636
-1.0293254356282
-0.197722115971598
-1.09378518986718
-1.01100716341739
-1.43455061871375
0.580730320657401
-1.51638290152677
0.40811170932313
0.657078906228699
0.734273534620228
-1.20797661913431
1.39431625287261
-0.476788430352885
-1.72544627196339
0.447625932797634
2.03774939937022
-0.111666471397351
-0.141355122771158
1.64649959951465
0.622540571724622
-2.20257528342761
0.689821574699696
0.418168446828849
1.11652758654942
0.929072481546973
0.041428040407247
1.27114356808161
-0.472541254045878
1.79631193742467
1.00419514738469
-1.48532089895127
1.70317160798183
-0.437369722665175
0.566184383838637
-1.08466808254633
0.698606861637268
-0.18429852605101
-0.18795424955747
-0.137769650686026
0.0670340138494644
1.38374237323559
-0.425366599600167
0.441729627435846
1.5548401014438
0.718927668819883
1.1737417291776
-1.18751564515481
2.22025211510889
-2.54334431048529
1.16733589897262
0.384778728127419
0.996724061835582
-1.0819034838926
-0.692010271637603
1.07015448879732
-0.270798656794137
-2.12846072557052
1.7628184924381
-1.6504235701287
-1.77693302588742
1.08912874536483
-1.69958610258126
-0.104372157912281
-0.771276560036106
-1.47642334375655
0.50050839197902
-0.43905221777063
-0.870614715489328
-0.514911706616466
1.1536055884839
-0.664390771557945
0.386643618434646
-1.20324111261479
1.34901316112249
0.453878901110729
-0.99293187924099
1.35934307403017
-0.946270489708459
1.09684151609504
0.909098764169881
-0.961205565627757
0.912770092065886
-0.521092905265987
1.01208135037487
-0.0283815929724919
0.162426875016508
1.56115571053972
1.54984713909061
-0.487426860324375
0.707758918768636
1.59744356271226
-0.37566313152871
-0.219988273197753
-0.178227392835389
1.32899876393566
-0.646686589604737
1.4077523470137
1.03804648330537
-0.713797541962536
1.22435456122811
-0.137905633508592
0.737213577455625
-2.10048237268894
0.964014033633264
-0.723467893882302
-0.486663179908001
-0.965536074248451
-0.941266974936679
0.519019769511299
0.0625423390486108
1.13447527397434
-1.37458014405976
0.133058448303951
1.276242784292
0.5132907406228
1.45352964752583
-0.205824894648051
1.31644371202314
-2.2808651798024
0.936318148368603
0.926041078093209
-1.96346799597304
1.80125843722205
-0.950788973640843
1.48201039583842
1.90474988213448
0.0386047528031288
0.877705443445277
1.49270996587657
0.968779815665373
-1.53821891927552
2.12568602802629
0.281825826164602
-0.83576218119392
1.56212125255818
-0.862230712722707
-2.78697313611987
1.90004073428015
-0.617974954080048
0.190269727101931
-1.10385823051658
-0.801625650878937
0.478167017038475
1.05623484753183
-1.91952999698455
0.627384343352897
-2.03895474357562
0.00731491351280886
-0.717204535463852
-0.513430709256885
0.355594795286912
-0.47639247865413
-0.0362979080360188
-0.837992393691201
-0.146652500743232
-0.248625714288475
-1.69168433030146
-1.25898284877915
1.31774686267579
-1.29696395378444
-0.943987994127526
-1.00377886915176
-0.956726595372804
1.04735790710062
-1.74057441769903
1.23418392831108
1.05751494989005
-0.31995901944727
-0.66720884130361
0.484007994094993
0.504867590187255
-0.677379895819804
-1.95320617134461
0.00884288943810036
-0.132892729552058
0.789397957218688
-1.71026700036914
0.369094947338539
0.624103215232083
-1.31058724576675
0.421402704286662
0.718240150048036
-0.463213352386075
-1.30979980207321
0.458593897353926
-0.960422788367659
-0.602362794653775
-0.979373470005454
0.791054233864518
-2.06591341766858
0.476588279913086
-0.461013339856524
-0.237530788638566
0.675473354950564
-0.0144021897472674
1.20379309054801
1.12582964968587
0.29377603691907
-0.822008695266895
-0.684962973300036
-0.0845779488363246
0.498988675405975
-0.411443574574245
-1.90868181773074
0.817199893480516
-0.322750959269442
1.71942306706002
-2.16386335566204
-0.845551103921253
0.995864208380289
-0.769709731041619
-0.797212567833783
1.97927862339862
1.44881973071246
0.954970481050974
1.11537121683614
-0.03097175500643
1.53113147206687
-0.523540743464211
-0.524905634981774
0.16952819773364
-0.458133918090836
0.33936656875915
-0.260242963893049
-0.315163897261664
1.19839364529002
-0.144694789848651
0.595506039966404
-0.517094513312097
1.3345320962459
-0.400609033319006
0.711205497592368
-0.330466497137314
-0.243049527815778
-1.05842909049824
-1.09628588730884
2.35894854272932
-1.78281807661652
-0.197495290094954
1.09085122736379
-0.381599490491756
-0.136224129183712
0.443688745971773
0.630117876710017
-2.47815010888195
2.08468920564317
-2.22942111912637
1.31775167502617
-1.69886953558002
0.12134245332065
-1.69305118394725
1.47777245682508
-0.999020785981574
1.39053423697726
0.296656940712957
0.0715255425086578
-0.419486921233118
0.809509763719618
-1.34174904383155
0.713058275999248
0.251230532686297
0.391459479609574
-0.795559608491026
1.64423655967937
0.559301556235495
1.40529059355213
-1.06465331397658
1.76566792266442
-0.460756275926282
1.21140389301332
-0.325051090826353
0.470379988189549
-1.04167613868036
1.35591325912551
-1.95398182659171
1.16572031373662
-0.575357754409126
-1.34091262619812
-1.51259108401093
-1.94288078329639
1.02923279528875
-1.41417704965576
0.967837800090894
-1.57585680931183
0.984923552506587
-0.820048685496408
-0.210812099689358
0.558006083636557
1.164193576258
0.122209423077687
0.0801355956245949
1.37167908745169
-0.181467093460821
0.23426504068968
0.356122559301712
0.204742962044541
0.00865028140364305
-0.653184193131019
-0.0976415989601515
-0.648788901399283
0.317850013483042
-0.420168610869763
1.29341097722992
-0.214055830903729
0.497149584808775
-0.422956406435628
-0.441028076364398
1.34148637210322
1.13101578610235
0.890377589673255
0.35447684363453
-0.126252784450634
-0.40875005574312
0.933400523438734
-0.887659165608002
0.268573822239463
-0.372886926719747
-1.04746349416494
-0.342487394518398
-1.06899724558578
-0.91686921867773
-1.98961938358541
0.19481557414354
-0.816505942063235
0.37597869167753
0.393731669014653
0.68820642467479
-1.80514688688242
0.736561771429369
1.27840225578816
-1.35998730937011
-0.762791783214046
1.26680477456163
-1.01025888657
0.826257177084272
-1.62262883439768
0.204170159941516
1.35335185760405
0.442190988706817
0.80879369941842
-0.952240509695503
0.723019316306696
0.76573990672509
-0.599816779434497
-1.21353849918147
0.643823982245295
-0.372704474069758
-1.11662177983241
-0.784119285423089
-0.855669649449165
1.03598163353754
-0.726961783045318
-0.452739686073254
0.117744663183195
0.225353018680156
0.840448081984849
0.139925197685271
0.578281789840301
0.948407889488179
0.228677544816615
-0.609154733305564
-0.624414122589013
-0.764167718676081
-1.14094120308747
-0.537936287873695
-0.821161068097502
-0.46711986052966
0.289100291380239
-0.553003801685427
1.345484674213
-0.059597716938186
1.03226428085239
-0.566629271892738
-0.711118217074423
0.113619081252704
-0.198906263525124
-0.319621696262278
-0.224217870338263
-0.864447917017056
2.06797210144249
-1.24494922735282
-0.842398971981941
-0.55330417751705
0.696449686956401
-2.14102878341265
0.0539603086546024
-0.688349751604547
-0.226670435956377
0.578733249477463
-1.10431446435469
0.504250362653273
0.0663223971846725
0.780978640752161
-1.85196840476354
2.27734730263682
-0.198472753790311
0.458555210743452
-0.420510046770751
1.33391771579247
0.59089339383416
0.643975939772451
0.279205109068986
0.556345586562055
0.874211252122509
-0.253653352157191
0.643632697471666
-0.452274489490603
-0.0115372776262714
0.103254505335406
-0.280709692017756
0.570462065575177
0.221160909089099
-0.300702825781485
-0.107928862770256
-0.469315074024368
0.254743882124351
-1.01931287984797
-0.0285956060270521
0.188913779194506
0.127617494899292
-0.843370501368228
0.817219109809784
-0.584659997164726
-0.604492205389739
0.941371745966218
-1.283325884009
-0.643111777106945
-0.148193058184932
0.285015206139135
-0.756406978080052
1.16088644495345
-0.335911607951839
1.45720092592031
-0.275231713868105
1.470141702777
-0.556764166243304
2.39073244702308
-0.650723335990206
1.32784208742135
0.866925892713032
1.09507464208415
-0.0999167784806185
0.582047965890097
-0.77254583387805
-1.12568849998448
1.33341499786186
0.573943121381943
-1.16147509253061
0.213648273538355
-1.29449784998923
1.47792715606888
-0.508599068684047
-0.0305684936487657
-1.12038251893645
1.67399546376058
-0.782328455879355
0.503532914538033
-0.230815696262158
1.29090099539157
-0.588721632829301
-0.190018391488574
1.49564850640711
-0.252081889925467
-0.173697734719731
-0.867163605277528
0.973360809066981
-0.890352219033802
0.373395525418846
-0.484367575943737
0.39808935932913
1.27650760097329
0.0180227795957887
-0.307762425065163
2.17966624759239
-0.500020320649853
-0.374308959718478
2.4223256243874
-0.221276207054404
-2.06567338263763
2.0809983543975
-0.262314881593525
0.598685374069341
0.920957282312121
0.86416740033903
0.145133582758344
1.10674298700443
1.10730177053415
-0.460932107574553
0.826961967320081
-0.287811444395993
0.793446570767241
-0.417576557606518
0.101085950479981
0.675580930094853
-0.545171069893424
0.809679083003724
-1.00936078138635
-0.513459525500362
-1.29177835534306
0.57398606931507
-0.404015947246302
-2.28316215548916
1.36771398965951
-1.20308809141361
-0.829060220427161
0.212279712425287
0.385213787395568
-0.9671416237861
-0.262350467793471
-0.401579160701388
-1.85066589013079
-0.156824534537557
-1.10319069927089
0.628719304941345
0.740534403947461
-0.374791939446404
-1.24152413967733
1.55660629962056
-0.863016306251997
0.581132164684786
-0.613958789529177
-0.265524725138949
-0.949580011252533
0.967690859530031
-1.10363075742476
1.53030901448446
0.0887359356231594
1.20668706174022
-1.0138567227589
-0.351185799069573
1.29607423346032
-1.17968897389631
-0.631726908960501
-0.311049787611145
0.260004236806402
1.46677603710952
0.478065130721887
-1.03549467729707
1.02663800843977
1.09677530572013
-0.923694073345982
1.16611670474385
0.511097515764151
0.215638680810932
1.79665665047625
0.00991778204386845
-1.53117346021697
1.42455613460622
0.523735272459141
-1.391373967553
0.139497961971752
-0.490491122425496
0.694876904580631
-0.662697545320447
1.04790014475031
-1.03705624322357
1.07313229249544
1.06403147986869
0.678527142526608
1.58667117482853
-0.357168918517476
-0.000836968766913804
0.0851239476521056
-0.0660179567063509
0.896965947644608
0.760464607111359
-1.09349349862076
0.627253009232017
-0.613264898452455
0.31292789215567
2.10856357299059
-1.02692640341899
-2.27330289787618
1.17191900081295
-0.679696445805508
0.122352878886154
-0.817097790006181
0.00926071245451828
0.663787704517418
1.02030900102014
0.46686090460008
-0.887850244304111
-2.145918737023
0.765663196122739
0.695718712095232
-0.93310080638912
-1.17911461988603
-0.617281556195943
0.203087702027553
-0.652331833822909
-1.6755126439772
1.00702563289973
-1.86995884118714
0.812573855422724
-0.242606109759001
1.05915761931398
-0.404921985808582
-0.307648206207031
-0.0508583398566425
0.715171997827625
-1.15386946676519
0.691214881874234
-0.14753213798669
-1.78054147761753
-0.451258747434862
-0.0811054963352243
0.00252273358861805
-1.47468858322106
0.617505026729244
-0.831316525885532
0.64937477270826
1.14596120253329
-0.802110071443271
0.175612133156023
-1.10089913078621
-0.699177479905919
1.31490544942737
-1.50497649055873
0.499230731039767
-0.465258813684017
-0.139095420923664
1.16092985450511
-0.102353014099942
1.21854274974897
0.429989804992568
-0.36773596750335
-1.04736592667093
0.0946928461428066
-0.3742753620967
0.469191123833608
1.03960444500932
-1.20050256714145
1.66663208569982
1.36879870922585
-1.98851803647966
1.15428919702875
-0.802399989134831
0.0460648841443566
-0.350634020910114
-1.12718208279245
-0.472320995202408
0.468556571674582
-0.270389845647576
-1.47212545756421
-0.277100505162637
0.697459109420641
0.535426075178084
-2.67084691431949
1.18131165073282
0.29012988101012
-1.81279041282345
0.906165570332567
-0.860221196492913
-0.0564035068260992
0.40397699272122
1.03678123805273
-0.14197767467559
1.34331838050187
0.704639776197246
0.954203846511566
-0.301773378508122
0.729888615946921
0.881562863261557
2.04492199084111
-1.95865919860978
1.40503174174481
-0.820257331840285
-0.853796197329346
-0.190722343119618
0.941415801507733
0.480616735101083
0.602135393447025
-0.239084170549451
-0.737644760460876
1.51918632703192
0.0509507363481161
0.00944547264788849
1.48317100084147
0.0376929967306437
-1.69579009942928
-0.299541672247502
-0.557274551363748
-0.648033831660476
-0.940771367689135
-1.14410764065337
2.9506209425897
-1.76447703637903
-0.235616869796361
-0.412889989747536
0.463634188533468
-1.65552326175115
1.18717570545243
-0.352643368801233
1.13123269900171
-1.06846322937803
2.09427282738502
1.71445904533547
0.188996457034262
1.16715110635099
-0.240135037822298
1.50908026012922
-1.81137668323217
2.19099235423686
0.250871735180124
-1.22501596474814
0.314283559026235
0.142528288758689
1.23551034358308
-0.163137826824728
-1.77243308102934
0.54761425367052
0.579313569455468
-0.596758823957888
2.6102034642133
-1.12033218086463
-0.342080893060451
0.610704955837709
-0.222477087736915
-0.98689329983233
0.842354679970217
-1.17181493295385
1.22589820060324
1.03677929450398
-0.871803847816072
0.404405550104855
1.03590414368827
-0.586006425331148
-1.11119096102637
-1.34657270709121
1.69137682889515
-0.637396284393836
-0.19250899432107
0.986792840922842
0.071489442497799
-0.11642698685382
-0.970549975424687
0.0411531929316811
-2.88804122338133
1.44288307846519
0.313963650723783
-2.0985115626808
0.916799576495442
-0.602150652431492
-0.582277453571413
0.0711322966389255
0.340623941717238
0.638656979606589
0.286567077697072
0.0319385924580136
0.324806748638226
-0.877687630195168
-1.09108173775578
0.685122991384829
0.162642446989163
-0.403738836450173
-1.42596673706184
0.877049139690878
-2.1940936150176
1.11298914898464
-1.20284575702687
-0.365072642624309
-0.467542184421757
-0.0487992150722635
-1.06169250511031
0.331728038331105
-0.393029102902978
-0.378828280566629
-0.282779409876698
-1.11686000172288
0.232932858397946
0.61388656510395
-0.332328153366843
0.719823511251585
-0.0814053865686142
-0.986950705133393
0.00680177665026369
0.783841310600261
0.512120960893203
-0.660460146334881
1.71015355877153
-0.819736342634189
0.488979904643318
0.216432435605995
-0.117001307170979
-1.71352988029282
0.354372887444066
2.30595404821272
-1.50561686547413
0.731658849950588
-0.737082594105182
-0.043823289905654
-1.25211629173468
1.38947165048144
-2.1478757562646
0.438172049186163
-0.795151326139871
-0.644022522510004
-2.1942682264468
-0.585817762929329
-0.350790190193652
-0.270131000896506
-1.41605008272601
1.13043664491584
-0.720787115206886
1.08011851372921
-1.57635960383075
-0.406203948247522
0.0823130366924624
-0.656240845062424
1.25026323045934
0.464140272942457
1.57201761425697
-0.891306509664427
-1.44580274171793
-0.670335596166514
-0.695101192067005
-0.0677181901639483
-0.310954224919078
1.36833229714482
-0.582198382747043
0.76775485543326
0.974495249696518
1.29196528203141
-0.523836019991504
1.89721136029267
0.903248322682514
1.2536958807313
-0.0983905411413727
-0.546350659340196
-0.0931063542424134
-0.85548464052817
0.181564226322663
0.486780714212148
1.15005643824922
-0.21072838160461
2.51298853613819
-0.509440407275502
0.448994901221161
0.595623246811314
-1.53800002096779
1.1705917917129
0.136534633163351
1.31438781612558
-1.28816017931924
1.97627343534094
0.183587999300196
-0.730024256311842
-0.501861325190755
-0.829136394169754
0.296704730130566
0.330588983167268
-1.08499490518233
-0.41849031634372
-0.851839972914638
1.45742670415404
-1.27436022275718
-0.322380321658792
-0.616343782175007
1.32880611409387
-0.380432239853953
0.743197959210447
-0.748835016354127
0.14399676567438
0.423727425996367
-1.1003398503086
-0.745063970856026
0.0227270712078839
1.73791385391837
-1.87741122467032
0.755616926201329
1.40684820905934
-1.42683575662318
-0.666074814261709
-0.149694373405757
-2.88947960955284
-0.43499747667688
-1.88801753190574
-0.172837639170001
-0.919987413348103
-0.397252641794049
-0.344353234523761
-0.392401400663178
0.282407246544918
1.6272294380489
-0.825074308126224
0.825693185845448
0.883511527654655
0.0421370516292176
-0.115225698858439
1.0338509000118
1.63398929102378
0.435159505353607
-0.176788347715147
-0.144808725027941
-0.716188689412417
0.22182305093668
1.08684271345788
-2.3930087945009
1.68483377589526
-1.93462255139069
2.1163452515154
-1.16016149875113
0.801959247376998
-0.51698774747542
-1.32048129894226
0.258168792796475
0.805306687232315
0.188775239519616
-0.021950073288615
1.60271147998953
-1.49945144900554
0.1982495018258
1.24763533420308
-0.492707038753687
0.380500321129325
0.0374136922047821
-1.19550884977127
1.84434575573363
-0.845117979698868
0.0169366148232553
-0.739994773420446
0.464752630507149
1.30591949874443
-0.267520087960608
0.571339865563143
-0.945902732189192
0.496138712810422
0.0202982937689888
0.0597611196945458
0.205793992529738
-0.161858473377203
1.30550755584136
0.239638388237519
0.157549400905617
1.27368077150909
-1.14170199208245
0.66150933128238
-0.174380606390722
0.764409804571924
0.0237621467555822
0.0737879423916638
0.848519285572006
0.470887668683746
1.17388261112967
-0.7225539630731
0.947481581416815
-0.992050896532091
-1.0131415475771
-1.1813572033294
-0.0470626747318373
-2.20711605465134
0.168419919494146
0.0515722746573765
0.265881950807289
0.109801292936878
-0.525576072513428
0.218408611452582
-0.99192091786061
0.578443120988679
0.429635674019605
0.585986200129808
-1.43036013750049
0.405576015634903
-0.981520780460416
-0.370923648377107
-0.15833224294023
0.298748689018967
-0.27980802992347
0.61964847408613
0.505023417153794
-0.771081450703674
0.814420839522839
0.274211825737119
-1.98089823798267
0.569501163952425
-1.28613982520477
-1.21946432301811
1.08308553163901
-0.877628549353184
-0.236289855322851
1.1718025952384
-2.19845883333498
-0.341124962669171
2.38992171489448
-0.863875028228034
0.26044045658285
1.24040440449507
0.136830332616508
0.0932402495381111
1.01867916926072
0.66045108873611
0.468717808323961
0.00706616439032061
0.762287442110296
0.352321766535866
-0.343692185427288
1.04467779029106
0.125216111334
-0.759777432409384
2.05078310445428
-1.17529632151882
0.443682178748964
0.317367672149636
0.549869631312062
1.00624033896721
-1.0056715436325
1.08673110229674
-0.295744351463246
0.50551465717625
0.715427846397422
-0.560846163949959
2.07422866596091
-0.129933058821165
1.91706303563991
-0.201443935094636
0.275850009455773
-0.115045087082476
0.368068099141451
-0.50735081927745
0.166629351548123
-1.15144135061664
0.632943109458144
-0.412270128394149
0.168064697059745
-0.360742649846243
-0.283272989660347
0.31857996148837
0.316772720571816
-1.29246027133498
0.734804937554364
1.29941599026196
-0.746376955403842
1.00975966653583
0.789936719091825
0.604443777844744
-0.572685190570408
-0.770204488227274
-0.983020572124211
0.0226514842075655
-2.04206887283882
1.0805130279089
0.541959178947377
-1.61664089397851
-1.55196621969093
-1.9597945898102
0.333190497066772
-0.876596616178811
0.169521890670103
-0.522360093612061
-0.751458112285027
-0.975668289295953
0.225140582556191
0.138342540464764
-0.0429607637575666
2.20026990356974
1.63793764570735
-0.254374080165622
-0.243596277410842
0.387097429711829
0.826678332165803
1.49077469024277
-0.985724257576239
1.11434063968247
-1.18043173590208
1.91929375381819
-1.38511372505094
-0.28725172569207
-0.599332193992156
-0.963668150223905
-0.948167108623127
0.0828992136830594
-1.17746675195177
-0.611332634109114
1.06011088490234
-0.778451759754137
1.16205067408275
-0.237683965775648
-1.28924162512961
-1.18454500687822
0.726550995382171
0.226962292014627
-2.37089552149609
-0.269686982894363
0.128712248081691
-0.180620128057684
0.16816352610748
0.516408961070452
0.194114482893092
1.0052433088686
-0.56337694815661
2.4455208559667
-0.385688480282045
1.56600818350942
-0.634061694263966
0.495049393076144
0.819884536641161
-1.0906254400091
0.277110290676965
-0.471691960297314
-0.138972926791233
-0.145688284081677
-1.42314075870928
-1.8764023936467
0.601916405415525
-0.718576287509818
-0.691111254981772
-0.0464432620654094
-0.967952143174294
-0.276500041149113
1.64342519615538
-1.70235250788829
-0.378219894494122
0.769759199309899
-0.510699731150394
-0.725803570559972
1.69031332346272
0.648283249672404
-0.541509603551126
1.91577403038443
0.223586098382687
0.306659309742483
-0.449955698686323
0.0821240848413302
-0.10392845489213
0.850826654932146
-0.156922853581185
0.142404658180158
-1.85889035507673
0.772913672050622
-1.24530421149126
-0.525232048708932
0.167175299080806
-0.536366019730477
0.388876199049539
0.267516936618018
0.0539551232028821
1.24548539308213
-0.219628974813259
-0.0619808554892494
-0.418527171099203
1.1883733391301
0.101565784887166
-0.445334336875554
-1.47892472015295
2.25765058541936
-0.0754687614048993
1.60369873480392
0.407549676126741
2.26470298928996
-1.66296753493101
2.13824825267685
-1.74138604225253
-1.02596037532379
0.715337492078424
0.931808230145423
-1.69440595459654
-0.0757982070154114
0.237764667152655
0.382940665007698
0.263694787341857
0.820726385506827
1.73679662002142
0.725987134189512
-0.886289788148307
0.892695412464094
-0.294887528728898
0.439438523327861
-0.0309143278233674
-0.511827481297878
-0.633197964565657
-1.36658525224819
0.218100735064455
-1.85731002553134
0.817522837670485
-1.43139187268282
1.75061727929672
-0.749532343523771
-0.832925002377129
0.36556272334421
0.874329390919591
-0.800979178843491
0.992587293312341
0.112108611554458
-0.363750938443489
0.00312894471707564
0.293232830491589
-1.07499399280507
-1.76664061968593
1.16110418971057
-0.268535733566271
-0.952027269852884
0.573614406862235
1.06885841169852
-1.22352588619901
1.28259793674381
-0.467292416687316
0.796380392614147
-0.587942131496296
-0.175288235010832
-4.20663878201079
0.417450409776084
-0.963992378804116
-1.90557693292589
-0.964318384559708
-2.121721293578
-0.664854857332627
0.715755714452427
0.0649275904481225
0.037058355613496
-0.315815414675621
0.606035538421749
0.522100654321138
0.388655776052716
-2.01103400640313
0.0761390802234214
-0.358589316941934
-0.733803420734173
0.204094335715501
-0.0228063167949334
-0.406355697740895
-0.384299171319845
-1.08287468036885
-0.173611965439014
-0.839430492479313
0.800644918357024
-1.42271510496468
0.101429894387522
-0.794179757119259
1.2828536103462
-0.720340035718571
0.961310925269445
-0.56269420133701
1.20545933700892
0.125470525286909
0.500521718380432
1.14442767820314
0.281571449907612
0.194431129143336
0.346445770006615
0.310285722967343
0.568631693364885
-0.196204024977695
0.913204986738792
-0.514882695287733
1.24880715206995
1.31945326914557
-0.791705938262383
0.411703796097017
1.22236657263172
0.537350526840307
-0.850694407900091
0.461200758762616
-0.123266872040993
1.38744990889089
-1.55351657160844
1.77686978395869
-1.6784576600546
1.23182836809318
1.3242797514587
0.447968626665327
-0.6859374250774
-0.229589443145663
1.05746497130351
0.902448801212404
0.102907807602604
-0.24627252484442
-0.219340266860997
-1.65795944699582
0.49879946747712
0.124624983688871
-0.197046738575962
0.639238128281163
-0.737439850764588
1.52563278527199
-0.20910618712532
1.40035272354526
1.18047219809138
-0.217582410518
1.81767221288709
-0.235663021685164
-0.341835170438428
0.515720749792021
-0.089312935143715
0.403183984331877
0.932772518829567
0.107230520888451
-1.05131380689949
1.70233062438665
0.00495942583173685
0.776278921457811
-0.952456925274438
0.892355012916793
1.02288229030215
0.27368749239333
-0.802897137245169
0.503664973415506
-0.590990368096264
0.221122830674033
-1.43325914938584
-0.223618143191127
0.287009915225254
-1.18448819796057
0.215607030074079
-0.0757425893089784
-1.61922362138653
-0.230425165080687
-0.875808346021206
-0.464527085685541
-0.438553736545803
0.269137868011703
0.0252022806723524
-0.676248638026327
-1.10997785135057
1.18448446499032
-0.680045237199256
-0.367052218570661
1.25619001103573
-2.06696515925153
2.84170484914207
-1.70351837708126
0.871533240142837
1.6607957888866
-0.114598731058612
2.00304978929689
-1.55929884396922
1.69033168874319
-0.263045186921081
0.0273662108774012
2.53569466691114
-0.752064970332925
0.574269382504341
0.76832826124296
0.312829487463611
0.500158898053355
0.662423717806827
-0.75932201839178
1.82677011694255
-1.43678030905527
0.650906880256063
-0.908491382493298
2.18629618700232
-2.11329993575798
-0.137101373715142
-1.50041901841596
-0.552239013871049
0.68883950733403
-0.533254385249294
0.970539580769781
-2.61065599005616
-0.209301969356135
1.69935237339658
-1.61965175320195
-0.901833595909891
1.97567170511211
-1.35812667512226
0.329863177024178
0.0886565273221807
-0.457695018697111
-1.61902827676026
0.0314168256475459
-1.67393863732908
1.20477932315368
0.350553417402631
-0.0202330445465446
-0.441574776986013
0.0472477182605567
-1.11147885598782
0.264643078148459
-0.00491062528000744
0.122527793116383
-0.940581713302566
1.83129669112846
0.628422017952348
-0.941445869054338
1.13158610009176
0.0494479685776732
0.952784146322155
-1.03460444519179
1.33406918057202
0.57429254690586
-1.98932103117323
0.279579865219773
0.307840655522791
-0.703484755464688
-2.49684547403754
-0.0300291163205374
-0.544192941911305
-2.89081723024412
0.0869910147239862
-1.44059099247821
-0.647903425600019
-0.1458944283951
-1.57073055656498
-0.245681521850433
-2.48533835784875
0.663348736648398
-2.71607881884811
0.408500489618026
1.38550879691265
-1.7000202913343
1.05263725145469
-1.98955914597752
0.833506027624904
1.09519601785797
-0.22694994220888
1.01601551497097
-0.509514174000906
0.0274030652796888
0.910305455403052
1.34943914108661
-1.11832579476651
0.324640476745328
0.529964280370783
0.947409988439494
0.669961917969516
-0.667469716292222
1.22783778713899
-0.888275626901522
-0.983618569178516
-1.73123154974705
0.0448929858685254
-1.07292551414192
-2.05113064726302
0.736975463112694
-1.3631052170401
-1.14718050711224
2.08080619421941
-0.536278740199724
0.326841085699429
0.418114062331786
-1.0945447156334
2.08830585973412
-1.21170502644439
0.945682036897895
-0.986866532155683
1.21837795686219
-1.10463362938944
-1.66357048069269
1.31970066473381
-0.00575165893814923
-1.00817757096147
0.379921554868942
-1.46310270192557
1.96228925755506
0.798712510421815
-0.0136721172716654
1.94361225904524
1.14792414563112
0.989942889864208
0.553352058753309
0.359127161173996
0.225540418403189
0.200341636016609
1.27174778092099
0.69309721980649
-1.17311645338544
-0.522963315534611
0.817871127339744
-0.858748521562739
0.310887590459785
-0.946566264418065
-0.810586974026949
-0.0827605483403707
-0.189508394661317
2.20325391535121
-2.26585569249467
0.821976560339443
-0.160153635682986
-2.55591288165305
0.0466972583408869
-0.0155148948315117
-0.0541965677776993
-2.37795983540551
-0.730006494398214
-0.178541273383677
-1.84654347677949
1.94408649812734
-0.850980560965615
1.21823053452046
-0.733410552292365
1.10894888198356
0.929256296889771
-1.70007572466121
0.416469698887708
-0.665403596163381
-0.11392983471559
0.161629909528874
-0.867703891264906
1.63212971598243
0.180367111386942
-1.53379215826455
-1.18320592802415
0.9794622331969
-0.270889221155831
0.27816746729309
-0.910017825109012
1.3179545594588
-1.79015148717745
0.340451096039045
-1.29982675213605
1.72338867496287
-0.69489892397873
1.29684062002506
-0.71949900156204
0.520409239413187
-0.268464484427406
1.52204678060438
-1.84345484344664
2.53692510756995
-0.0702438600526618
0.484067509829122
0.146306599993398
1.31925459335039
0.386240492792354
1.12534532708923
-0.990364362505214
1.09268874922913
0.230864288951259
1.98741784681029
-1.62453822695658
1.52743309492507
-2.29622166446153
1.22261008966387
-1.20465619929245
-1.05813843652784
0.978855422872083
-0.74164371507088
-0.541120011935556
-0.103014576048089
0.344912458897976
1.1195650224849
-0.745065435501358
0.521112149549546
0.666167502456558
-0.185845212952314
-1.12500798165429
-0.290941942696485
-0.0429315399772205
0.429625544391245
-1.84092519000498
0.793718089376595
0.464354450212561
1.59349030097497
-0.459181081482827
-0.0262940809390028
0.950490352447854
-1.38700811464724
0.800335695649169
0.687350208384461
-0.0579581042649867
-0.861694668914207
1.23182841781471
0.501009506114863
0.0923924911706135
-0.981423003717671
1.70919014296664
-2.44944031289484
0.402563460518004
-0.454448705306436
-0.418348419579116
-1.34657480308883
-1.17719059478275
0.590636115104291
-1.09306299623244
-0.444432373820075
1.40883203638305
-2.67304939293857
1.23826413139116
0.765103389082033
-0.614227132309326
0.849996951889632
-0.143246953112177
2.57805134021721
-1.62728672699624
0.0838896776916082
1.08235689017744
-1.52517108958011
1.20481946372952
0.449757910509769
1.92420208475213
-1.72338484414517
-0.763136227395928
1.38248068278591
0.365957675536657
-1.71830650998467
0.946140773367576
-1.02634980462515
-0.752453401775599
-0.55613308112253
1.24406737929733
0.588672025924989
1.74613678868903
-0.430359482459187
0.974193906874347
-1.31243359805982
0.961943985295035
-1.06804199028649
-1.0635671988991
0.929601052559159
-2.69359869583176
-0.8883520726785
1.74030774651188
-0.827329072128456
-0.0538845446778931
1.46685787321958
0.475891260859295
1.22801139743072
-0.240969980533254
-0.857349541378177
1.45193498445905
-0.0618857823697076
0.519540148097772
-1.30628453269964
1.65682122062914
0.02138098679098
-0.666596597564493
-0.0937745497239197
-0.459326122131995
0.586104188548346
-1.18122516303505
1.98425771829861
-1.70714314282796
0.224521181887147
-2.25689562714205
0.836901749775057
0.307897365824391
-0.464704664148517
-1.32357336943262
-0.885611992160328
-0.322946259778793
-2.23789898378086
0.345784083049322
-2.27322036684688
-0.11401279708438
1.7525693642528
-1.67693203405017
0.723582315943538
-0.344332150859067
0.873256396324043
-0.999433886814762
-1.27654948808646
0.874034476864243
1.68873048781856
-1.0464346670289
-0.101162756370376
-0.757345019737243
-0.0330780356112994
0.3601580013215
1.79330986254782
-0.334915656585317
0.956645178657918
0.575561330172659
-0.995939391454502
0.166064902544211
-1.29111337802615
1.08854638543767
-1.09797582110556
-0.282915622947423
-0.591326338412896
-0.0389587300175788
1.00239550210086
0.0680804287866258
-1.28250461247515
-0.555277737456938
1.52698870206585
0.519560763661551
-0.919838059809908
-0.542695129247746
-0.851603370857466
-0.120325847476184
2.85283941785737
-0.928125316393664
-1.18928386435588
0.095380575143499
0.573860551763119
0.357095477386533
-1.58055483559385
0.595596181776689
-0.841293116396384
0.733150075249662
-0.391354473294428
-0.820162305695518
1.862838428206
1.65150333318752
-0.761463984686499
1.70894060913146
1.17098238785768
0.985419528743753
1.9006369127228
-0.648335604654294
-0.233139229888762
0.553731233827051
-1.28841032786075
0.15920343371243
-1.99494271815097
0.609603063816735
-1.42214744424668
0.785427744353712
0.5585440834593
-1.07495879742106
1.51160454158904
0.29369253106206
0.422590229373229
2.09865785222652
-1.65137302296661
3.0056762480349
-0.877941309247597
0.842151436107544
-0.0497565072073713
-0.812661968839138
0.490120703386981
-1.38726358185496
-0.721374958028407
-0.967114027567865
-0.111597486806691
0.772984728275361
-0.63787638543091
1.2575317012113
0.628041065801645
-0.707400848849298
1.23359151093621
-1.19260024826247
0.227795500614445
0.68502943455727
0.463189394763355
-1.04387751965611
2.01224469746178
-1.18337690667673
0.295853245539902
-1.21654817880677
-1.06364856021686
0.00422141952350573
-0.793153852705527
-1.14205540784176
-0.499781207656961
-1.84410633802837
0.28116499501273
-1.71712449635751
0.734529555888834
-1.57547170948858
0.0198971722849099
-0.895819831453238
1.87265144978071
-0.142309875314067
1.62779972142929
-1.95423943883414
1.54837957145233
0.232842258668848
-0.532814137193858
0.373332786697184
-0.383059483147803
-0.750888901876144
0.23224798988138
-0.931581756619797
0.726732713504796
-0.738248212250792
0.285299835925526
-0.00154126260419672
0.303192995848369
-0.915673153982027
-0.749820690930381
-0.400352973292642
-1.42473123269068
-0.583846172531447
-0.450157444960231
-0.0673838997708799
-0.933177682170405
0.67828859711507
-0.143837161629144
1.63716306290715
-0.821137959950434
-0.0640304938881725
-0.776374003397254
2.22063472775934
-0.683245420159715
-0.432290112209486
0.179792114935525
1.11735478296208
-0.983872040313116
0.0334417917242293
1.17555092778675
0.33594707293142
0.627227474303207
-2.61680942760262
0.871348394005505
-0.477487481144349
-0.126723945984029
-0.693186696468095
-1.5158859536121
-0.452150974562297
-1.9437586539872
0.830199842403237
-0.886483629586651
1.09041787467531
-0.612143809604718
1.22106812303171
0.00435918428171149
2.16390485908803
-0.64189852404295
-0.558353716573508
0.791053339298304
-0.318609824163862
-0.217193573311472
-0.954413433455508
1.78508009690924
0.681557855597018
-1.51534618841259
-0.314894117722631
1.98225594686588
1.05755204475914
-0.00198961381134377
0.723344123137429
-1.38803672836155
0.462298999071082
0.522056976854615
-1.79235753262793
-1.19645221856236
1.53005920870923
-0.803689754453015
0.960751291714868
1.14045986910392
-0.135446907995677
0.658816658049889
-2.08581846082404
0.398763569379596
0.522053217090515
-0.505133148830741
0.0676550395415981
-2.19131670401928
-0.266510063099816
1.40046885246078
0.18072347943434
0.0390471202247383
0.395091207970439
-0.0924118611537511
-0.498255498188666
-0.35056040820442
-0.0817410830017444
0.762076676411287
-2.34482166705414
0.627310159221444
-0.388660881531845
0.914886829392751
0.734027450550648
0.409384214963693
1.2663668601879
0.0948371054168781
1.89691971517943
-0.873444093994987
1.12199027328202
-0.488053978462037
0.779192393158633
1.2735239930851
-0.688477607994648
-0.574208437007711
1.95018242488805
-0.105491307156937
0.372103891522997
0.41876512258142
0.851472354633591
-0.455444095977963
-0.679672685599614
0.269421412227079
0.133509020762656
-0.181971341554096
0.289320296636998
-0.425895892416462
0.00961184731518317
-1.2369662076182
-1.08452348795305
-0.0807576246522858
-1.91481297108311
-0.855733836469343
0.112604609543908
-0.901625230834251
-0.279771590331265
-0.514515893663295
-0.334441512546659
-1.36246294201933
0.340348887731982
-0.252042871878578
0.882933725785608
1.22587488132793
-1.24038930898739
0.213773407951999
-0.331966204855211
-0.775615816880915
-0.365576079402692
-1.18076781699255
-0.246886577445358
-0.742678834141397
-0.203335655533064
0.548620286573095
0.353575662441635
1.05897360699628
0.331694945633915
-0.598015514574994
0.036485620555157
-1.71663436221319
-0.693771895821931
1.29042135859642
-0.48450714922218
0.491233705028702
1.26437039252069
-0.922209195214566
-0.739750782568132
2.01962755264341
-0.107152220155438
0.130004850675283
-0.205648810292833
2.30592251919974
-0.623225984029256
1.05363056026406
0.0272381029799949
0.024423861244619
1.71788669329852
0.509064785118073
0.76394501123793
1.19540108077619
0.401263579956504
1.78252290306429
-0.230207153698556
0.24533072006435
-1.44245364034394
-0.368586051996033
-0.122726996949692
0.432779504825525
-0.587539062646172
2.60935834445518
0.0255695079069426
0.30530007774095
-0.478569403173792
-0.563961556464204
-0.173022605520049
-0.227661954807869
0.435997239833717
1.0778105844004
-1.69947739167799
0.555599340833407
1.37460752448571
-0.261616295395031
-0.881728775097886
1.8777271998096
-0.651169222775018
1.0727891051236
-0.115223793925715
0.0465506003291382
1.25775856259003
-2.75173457168523
-0.0308573202387502
-1.7138361169515
-0.509235502661535
0.336152312515004
0.269336483902122
-1.58084493772363
2.41903387283058
-0.28251315634527
0.3157035604076
-0.927636252883296
0.280012824598863
1.26517813025982
-1.48770175903723
0.814330062951424
0.444859817379739
1.06849980197658
0.0532578391875043
-0.460923500950968
-0.573875571793589
-0.351875131166971
-1.10158743397135
0.813496140195644
-0.245026902358751
0.912223357355232
-0.794050628871811
0.28939171140773
0.679994657027233
0.00444486055983061
-0.243409079637777
-0.362454541284399
0.596413901000058
1.41392930656862
-0.223307465846657
-2.53190618273837
0.00855442958732214
-0.148406158247636
0.388102430842065
0.395052620712506
-0.124487562661341
1.16355283307615
0.341920681533053
-0.186423207349826
-0.511389214281715
-1.21336725943798
1.28613882952513
0.368890651915066
-1.65080289408785
0.891883544065855
-1.20770487665891
-1.92529758369337
1.16570695692569
-0.0827408662280284
-1.66446151155716
-1.82000555982035
-0.0991839367248292
-1.60883420113673
-0.499779665451261
-2.3329868527489
2.90206504364728
-1.41752370067473
-0.565938147395473
-0.0952273872469051
0.655777835856804
0.485085210980754
0.386700267124715
1.04007512967056
0.220193428159496
1.77649512197908
0.0214563528870702
1.30994106125661
-0.664139500290723
0.950453741815471
1.67183897614339
0.898232953041896
0.0289626753612851
-1.6732646586479
0.319750380152614
-0.0218009350175235
0.161119742117927
0.0661429365789799
-0.730898396888706
1.22838074853343
0.505364305393182
-0.0360166164383555
-1.75405866006968
1.69241972974273
1.09668855231083
-0.367540445911177
0.109066269158724
2.04797050377879
-1.21592635641631
0.114044958455789
0.366300834678895
-0.77051690627823
-0.46250475139757
-1.29743560894673
-1.07356197080956
-0.17416052761088
-0.891810899498805
1.58418200335095
0.0268978664495619
-0.880481287131774
1.66114299765361
0.383839378081291
1.91730901001942
-0.988342297240468
0.840077655463737
1.33511076710646
-2.01866055394115
0.708696614729076
-0.520946227663116
0.430518984819304
-1.00678455517536
0.856019764215549
-0.105325940645801
-0.614756649779322
0.959070107423479
-1.73209488117129
-0.466593062946286
0.862283355998825
-0.0907540217667889
-0.374505420919871
0.757141886479984
-0.284098286494098
-0.598878630270961
0.498495383937912
0.0983499303115246
-0.593271032543975
1.04073367104212
-0.525927565291894
1.0253885986665
-0.905340064080857
1.00314380819565
0.964470698130981
-0.115848851427921
0.509075213090904
-1.31663833290174
0.0727470698937052
-0.231613863691435
1.4210844388468
-0.844507434718971
2.1528564267196
-1.88113126901426
1.87475586447562
0.921445788015181
-0.871155465848415
0.982339985755392
-1.3064436216231
1.7370776625403
-2.14741306194135
0.13303679871849
-0.492212248104655
-0.694083279120583
-1.2804538945619
-0.640501447493836
0.169718625535144
0.361774303974347
-1.01326939220992
0.483911058348904
-0.717046849318966
2.76147729178861
-0.746534400638898
-0.916811946690043
1.54307573157828
0.291793088849938
-0.672677331556403
-0.373167595906642
-1.62067522624733
-0.11791883634819
0.105895546830021
0.617287744059031
0.544049163462773
-0.810772798412054
0.0264496889772809
-1.0403023712445
0.461397296082795
-2.28770383350039
0.138437731629141
-1.47594685939437
-1.68637950127132
1.58755863545856
-1.81569074978824
-0.968097138600128
-1.17773983357108
-0.0585702696093548
-1.97400987155487
0.607789347051753
2.63669249767264
-1.42266174209753
2.10675805717349
-1.57154588308254
0.924291796837092
-0.0721099199935582
-0.48374162656632
-0.393711979931096
0.961929755740417
-0.878580136688173
-0.0466537466779786
-0.202163543664747
-1.02718691445731
0.323435523610464
-1.50784347920795
0.225662360433876
-0.0157921193455327
0.621163903074637
1.166055253978
-0.398303989707514
-0.788438883853984
0.357035670083443
-1.24661693802066
0.135387487726168
-2.4098205048878
-0.71125456670088
-1.1382021877804
-0.857701116375783
2.05699230393279
-0.384439077770435
-1.05702357028772
0.0256683650156062
-0.326361732881321
-1.32799402727765
-0.375056490887626
2.93267811505678
-1.69373727106448
0.531756061973403
0.111854122541152
0.957647674527776
-1.88484296022853
1.09739629697801
-0.957298854840222
-0.0416589954134593
-0.888849560289684
0.962837668231073
-2.42796525689235
1.66986024748562
-0.652940824671858
0.929327120673848
0.942958843494993
-0.182680454550218
1.53236721665664
0.896030818444836
0.622694709641472
-1.03171325183199
1.79414032379616
0.744383268461473
1.15573302637678
-0.580826149336407
1.26624510883164
-0.74018513145641
0.818319425553394
-0.579720900174754
-0.197658388813145
-0.718564406215512
1.04952178145482
-2.61306377932164
0.530168686172703
1.47853486291152
-2.52617989251801
0.812706483168336
-0.356527806771793
-1.45332304081777
-0.704673001491357
-0.72637811833411
-1.80869554632827
-0.194932956478719
-1.01138822756584
2.18995577047049
-0.596971341218181
-0.281600810603203
-1.78306852168467
0.31778962113159
-0.726832249714405
0.562998429265615
-0.290183216210171
0.311487251871335
1.44439282915034
-0.294960907770715
-0.363564385305017
-0.606666408345097
-0.736980384353701
-1.78351574072592
0.404911561056055
0.250225152470748
-0.747047971411808
0.527337997424132
1.74770697276975
-0.467155794434342
-0.637101987563924
0.625024784044029
-0.721597004218844
0.931337860017198
-1.08791056295707
1.10425956501006
0.73398621543018
1.51512186752003
-1.9707095733542
0.347097061733535
2.24667837838761
-0.83132814621687
1.24227238139626
-1.59753539075064
0.478169083884362
0.124368945333261
-1.05157909221636
0.673597162190112
-0.138561274268301
1.32771949876535
-0.670572775372489
0.677319854796892
-1.39377629695992
-0.196035104287348
1.88705824054458
-1.39896347636252
1.37104008154229
0.248581354315237
1.94831778393914
-0.515764878715649
-1.28167160222376
0.5251669355185
0.052514834220718
-1.11318546912911
0.0896045746468453
0.541777921289798
0.154031187680673
-1.53473579479756
1.28404611769651
-1.16128595529627
0.0265767652193057
1.24068879314914
-1.52953100443881
0.781992893925358
0.593147199875266
-2.17546416115768
-0.0893679928140265
-0.75886118634639
0.827837648171421
-0.250490895845893
-0.0353461439363956
-0.859070595660373
1.53192783642894
-1.21531988290266
0.933415651592794
-0.677984231174126
-1.00980901918333
0.0318597107321437
0.12211952069214
-0.476458384242452
0.695650032009455
-1.6699622905099
1.42710420481688
-1.68236880206407
0.460201067375122
-1.79359597061631
-0.745579830481534
1.73313656155057
-0.701456808615611
-1.07975726136112
0.442614753058522
0.0793920351701404
-0.253041892115209
0.834959506696848
-1.39303992922971
1.41333642093293
-0.00985036997477065
0.889335996658516
-1.32596121343523
0.327739161748411
0.280817635434737
0.565153221772001
-0.5468651454753
-0.136599316069135
1.64881344007919
0.0111804854235792
2.59424488659649
-0.701656213572871
-0.786896753960091
0.916744185725217
-1.28434330835923
-1.04032183073164
0.0540423199838568
0.476559328030502
-0.0132859909973049
0.989128179060803
-1.22724378926476
0.876670690183607
1.50458979109901
-0.554545635106502
-1.49184522507334
0.626019357476616
2.02268899052318
-0.771377780383046
0.636743368051043
0.81086873625864
-1.90590346823702
0.378082963417948
1.3747381353144
-0.636894533537717
-0.608848851877458
1.61418648032397
-0.981578936089977
0.445597128797956
-0.0474534333519235
-0.65554633816886
0.228565852485708
-1.48381685781256
0.596841572066693
-1.22816239917514
0.723680261988843
-0.915670287637898
-0.555471689242572
-0.253156601838367
-0.975084028284464
1.48083456346002
0.908854006436187
0.0703749989398679
0.155359925171492
0.617614468539411
0.0315373758502667
-0.359656499060156
0.698528121726466
-1.71098594412925
-0.254178642675572
-0.343251670989986
0.678390832834403
-1.0549800807798
-1.61199193326501
1.54527723977069
-1.16968190867028
1.18273567482196
0.862916570728588
-0.0891805505700824
0.425490077347218
1.68566353896734
0.102413817738695
0.066749423211873
0.926428061292256
1.24682646749211
0.733179074038075
-1.82509274351788
0.118744234428875
-0.304986501526899
-1.69151052106654
-0.411375135745968
2.13674647438905
-1.1217567520218
0.604972797390407
0.985599672685449
-0.247293028173741
1.61435579636549
-0.525273678292414
1.12948639708365
1.4238832097603
-1.11620101884781
1.25843324942905
-1.66840535814325
1.81478917023425
0.202440187293006
-0.487810141644921
0.239006451946804
0.340097529485211
0.343170561750516
-1.248745678475
-2.22238295877733
2.55442169220401
-0.56699274846414
-0.799260038228162
-0.127800344173438
-1.11862182709616
-0.69694730948028
-2.63471096058537
1.3472066048281
-1.47462101395217
0.408774641273958
-1.77447137074495
-0.570143876679748
0.521844832241563
1.75293516319782
-0.146590797904087
-1.00698734904911
1.63378117825966
-1.10697053068572
-0.44574554160779
0.40020402535832
0.559432095896503
-1.11906032847259
1.05856959216384
0.538282684900647
-0.923406264672743
0.410959814902024
-0.698958474007308
1.88920829845654
-1.59717740024611
-0.493929731153983
-0.237383166872073
0.742079717438491
-0.814479056573372
-0.491733991783862
1.59109007795177
-0.92771853826008
1.92633157733071
-0.200742328505975
-0.703277090692237
-0.0620998656063881
-1.88970064701166
1.13242210729449
0.174834901371926
1.00278113798544
0.722081635461085
0.0891106134818847
-0.801204313535005
-1.52062256254566
0.606681363624018
-0.463605684424518
-0.27850411466804
0.531648441575655
0.399643859519228
-0.655449006821265
0.11679339556175
-0.352049131663468
-0.299926136334103
-0.207056809936771
-0.493632342671549
0.266901369357001
-0.799426864981928
-0.442336792463395
1.04391712321718
0.339723280761272
-1.78440559975259
1.14844347789916
-0.918972147722644
1.11489148865579
0.550224543230891
-0.69166243666544
-1.51925893252522
1.23488330198922
1.24139731198388
-0.103301835280795
-0.641497567974785
1.73943232603706
-0.712639099198135
0.627011508412629
0.446408959162023
0.229716436778233
1.40768711943708
-0.160123243547381
0.496984670772753
-0.467362766738186
0.27644139933689
-0.462083047604162
0.139555512871393
-0.150204417760975
-0.924079818808035
-1.61445346260232
1.14229162222749
-0.0988069599769126
-2.15224135730176
-0.143063765069899
0.0557656243849954
0.231689387504057
0.7077996401466
0.514083278894308
0.0894970086851104
0.19960336225045
1.51665931075894
-2.2706516619388
2.1932322893292
-1.87852183304791
0.168916860387368
-0.599736831421459
0.436421694461457
0.595737157790118
-0.976895692000219
0.164068695311573
1.63569511790249
-0.605254502418773
0.902703495742166
-0.287097141863697
1.65288164034955
-2.54414713105515
-0.0688679211405411
-1.40909694261631
0.624504855029927
-1.30472739552095
0.683195545120957
-0.700864533870072
-0.133624126754905
0.792742546782628
-0.902744673335721
-0.401724971964417
0.615890072817843
-0.385714125969291
-2.2116274675997
0.116096251020278
-1.23448760662665
0.303508952651276
-1.2976067265564
0.182583080567446
0.253462845003045
-1.10492772557022
-0.41540544752131
1.19335170419924
-1.26604923476276
-0.441050547744306
-2.10140174753848
0.254446284870477
0.383499279901499
-1.22568306262918
-0.107083371713661
0.201209995372821
-1.142905692658
2.31398110667476
0.37403092780328
-0.256940198294308
-0.391794462865967
-0.418339563642382
2.34302002009997
-1.2839119281914
0.199561895220823
-0.449749999937082
0.121989306464364
0.852037757488656
-0.629982244209436
0.180791577931756
1.21216594130238
-0.246156656483483
-0.931369011156723
0.269149765342433
-0.781751194215127
0.658245381586548
-1.27929105743135
-0.220793640275086
0.418555664857734
-1.20857360602841
1.93587526502954
-0.581956133158419
0.383204656250093
0.612475443354524
0.332678678878312
0.418920066683772
0.228336041572079
0.135781124389409
1.98412952259909
0.709504580247703
-1.04643521411464
1.1274189817384
-0.785082132961315
-0.903088364633798
-0.641245076210183
0.0623364874286954
-0.114890497748158
0.240435778508973
-1.20802649177519
-0.346246624045385
-0.62943581538466
-0.555864085549879
0.631160618833535
-0.863019874375109
-0.463992959995933
-1.39053504622133
0.150934203520288
-0.344057528197706
0.710461387289606
-0.282890651941669
-0.0932916203497862
0.123785937543657
0.0326673116261974
-0.782242174330966
-0.244427928881497
0.0325021904954064
-0.318306195561781
-1.04052553776951
1.67268692461671
-1.89658501176788
-0.175893749159217
0.204798293510272
-0.0440660114623079
-0.979115758931942
0.599620516672078
-0.732054267314577
0.801250671552182
-1.34367961061102
-0.216097214039772
1.04982396157707
-1.27815191148476
-0.453608438607038
0.419799670880042
2.08809287879428
-0.340630751170399
1.43951676945635
0.971018555400263
1.76559808681882
-1.02017369315368
1.45593871733798
-0.379970802925762
0.136786716715554
-1.08867779151605
-0.0533172920727398
-0.90513050666217
-0.811031609395788
-0.355245657865641
-0.18384076750208
-0.661159738452713
-0.630976118652839
0.449433309437592
0.240048141541131
-1.83756316164009
1.02818924034425
-1.76084710332637
1.40357663453716
1.21108335119227
-1.91502077237693
2.16777010950937
-0.0893262858187086
-0.283820001621747
2.04114506789312
-1.34201994930401
0.437553623637279
-0.645222143208233
0.0558951902032271
-0.88184533016982
0.325076766737293
-0.971487459556168
0.128860640565279
-1.9326351608475
0.421166945500018
0.658561623344604
0.663190148051768
0.313298373709282
1.14569866351607
-1.16901312971173
1.50632278829785
0.932807103310844
1.24935245991787
-0.957247121467189
0.924109442633484
0.0540467900605029
-1.5788689263589
0.159638632196963
-1.92453873394708
-0.061310638664918
-1.10322594041053
1.15966881892646
-0.525967945163936
1.97338705862026
-1.53174080096154
1.89896447380957
0.433914852117366
-0.312254979893084
1.84891447792786
0.0485506760958082
-0.314022749692202
-0.770587183955581
0.381144460844944
1.36040524177747
-1.72098493299573
0.0520617473689345
2.29085496736818
-2.07880904725266
1.08981768463065
1.49600866146124
-0.807389214099831
-0.830879892350605
-0.712091517170671
2.91229315212599
-1.55610476606528
0.221126041625569
1.18886769077379
1.14254400304191
-0.192863840546758
-0.235564951491959
-0.572299124527178
-0.620800370790173
1.04174672861278
-0.307674360737175
-1.54325798665247
2.7413975770715
-1.61615650267957
0.624046126439196
-1.06097399225466
0.658181637054319
-0.502850623078835
0.236063196477242
-0.506384566041896
0.796453339553891
-0.881419198884966
-0.232171029610495
2.07693201893014
0.412453354669019
-0.418996061497829
-1.07651919013928
0.756578735127791
0.031862360527036
-1.16556585452984
0.077014722101362
-1.74145451502313
0.87295360956273
-0.00830836858867381
1.30985404733695
-1.72382821357002
-0.450122226386374
1.15827129970854
-0.340854729404972
-1.2134681618716
0.227309913699832
0.0539656920604632
1.25497514512743
-2.01591048768512
0.680438906009282
-0.504261178404986
0.313608340809444
-1.01014664680892
1.46003707766226
1.305031381277
-0.356528847869299
0.184073575114381
1.25021352708061
-0.82760325058003
0.0502412871730909
-0.537015904813054
-0.253879024604794
-0.373837922036663
0.0425879917194485
-0.324466698479966
0.598887737855895
-2.09978554904641
1.00739411452649
0.396049513979832
0.0292989346024427
0.390048619127042
-1.89160360100445
1.24684452393062
-0.0581103242797165
-0.526129301637296
0.145436102979292
3.70743051992631
0.0261036739305276
1.82129061432034
-0.809696568569137
1.50016599770277
-0.274677035254796
-0.173010419040255
-2.31006591760487
0.631255022779148
-0.572703760996174
0.168950811640528
-1.12104588001924
0.37534966214148
-1.10819540873095
0.532572080432129
-1.30873903303619
2.09622357281199
-1.75552086788243
0.867305453747048
-1.98959151817612
0.699555124126464
-1.29944680813962
0.695817037057354
0.0134019802783806
0.748259869962498
-0.590400867658555
-1.27319940172028
-0.183496820144025
0.195488998583187
-0.118607406207417
0.0311428414667388
-0.398588183881647
-0.256095979365005
-0.346892301334178
-0.127532151992599
-0.271189375853372
0.132125862953843
1.46434721922723
-1.85416796236216
1.31555046160687
-1.41046551975667
-0.762624423027295
3.61258394412461
-2.32104466425351
2.57421638281912
-1.16419689656741
-0.0620891544748797
-2.22543763670318
1.33987639208938
-1.3312099360473
0.148799480704749
-0.743869823045189
0.887363939803461
0.04530817216325
-1.33989185558719
-0.123290644641477
-2.1892035872484
-0.386382769650964
1.18398653248304
-1.15951033606784
-0.972752191355343
0.0818208098760248
1.75527600318177
-1.38379873195956
1.7824159240463
-0.882850035336198
0.00772404812469046
0.997937594685191
0.874507323640974
-0.578077314214847
0.701409912792068
-0.689095053264214
1.44653772989069
0.455838821507278
-1.54642206203593
1.08221346831163
-1.96428513279529
-0.281133456066932
-0.807047083697884
0.23611339562412
0.454749906954386
0.399854286198119
-1.40453711917827
-0.690899282383776
-0.1215142401935
2.51247085015009
-1.16191970110955
2.89970036792529
-0.503057163221377
-0.994789420873899
1.0385304739309
-1.34477973316033
-0.907632071690237
0.862951886629467
0.392786707201074
0.645922283583048
1.04031639622925
-1.82857024112086
0.203223166909894
0.193842239588003
-0.58720072948679
-0.0768781070632953
-0.65062797884044
-0.48590719346184
0.93415372858138
-2.2722426903993
0.280116248890005
0.108250516365435
-0.677704746099227
0.0511316652208615
-1.43360085697935
1.16923138155174
-0.553898805603599
-1.12693890791123
1.11845072851571
-1.47439789294605
-1.91122673497433
0.737892029602471
-1.07412011182933
1.21504500837448
-0.943785238772734
0.259889222260585
0.850713791996249
-0.606985044109132
0.651332654855357
-0.516034827957254
1.20080463399954
-1.32661187268255
0.73149946945299
-0.127934780877665
0.9126128328347
0.287695351086438
-0.132162266819093
-0.67439768517259
0.878355836873253
-0.606085281872322
-0.459489632942601
-1.5475599686473
-0.0607115753898899
-2.08230282282508
1.1677231301361
-2.57662349559073
1.06165595434833
-1.14679738760756
0.963549863182717
0.0734585811636862
-0.814361351774241
1.59381331712029
0.960958680753056
-0.367397665294119
-0.880134661014913
1.08670814807404
-0.267544071208992
1.50297456458271
-1.15573665131937
-0.72703364382852
-0.481624639263425
0.361710653722491
0.969050053622778
-0.613102515380937
0.636677426844946
0.68748360260999
0.0885154896689696
1.05309558882525
-1.8049796849326
0.524370351419181
-0.386757613757066
0.468059847394303
-1.03338321486523
1.35567273256909
-1.2439639840348
1.01331430518703
0.272309704455522
0.102645181125273
-0.273810480078724
0.329476417184525
1.47648004676332
0.100222990064984
0.587840472669212
0.261457270178695
2.59095326635225
-1.13836007563802
1.61396617124608
-0.883365230628971
-0.037619704730861
-0.227805381916682
-1.45239365703165
-0.678082179331378
0.632332704196316
-0.838608157996697
-0.867284032651407
-0.985420511657383
0.401248872051114
-0.842603591083287
-0.0161249704863276
-0.929953913682348
0.447860954688749
-2.23111542690572
2.25769698169919
-0.534291363360578
-2.00341470957072
1.58958095468915
-0.400728372805163
-1.23903698530706
0.36966895691027
0.65627202990295
-0.709911345971497
1.11429707606455
0.110513693452516
0.51964257358842
-1.60073570756629
0.609203295829044
-0.111271372897603
-2.00752453300028
-0.322280179835232
-1.79864115122911
0.912020654521907
-0.415087690808789
1.03205714995678
-1.60394910661801
2.16134289708432
0.754397177335375
1.22918314453276
-1.09335234504232
1.24095030331573
0.893000002282138
-0.421634898377548
-1.65782816296516
0.635700643591494
-1.32865495560006
-0.948560845217772
-0.619436129580032
1.8148889576206
0.0231476168988514
0.925840749670006
2.2496150303322
0.95547604137953
-0.74742539595985
1.88993379606972
0.121816629598386
-1.95696998237949
1.2686142219267
-0.109431751002144
1.36810548823075
0.226797821506122
-0.340624903244588
1.26538248883856
-1.38643208581978
0.953020184274942
-0.704669815592859
-0.495484275970484
1.40373623657153
-1.1531457595947
0.751331387528916
1.45691991174836
0.0293498752081612
1.17744325426022
2.01730235381967
-1.33731178011295
0.916131467737914
1.39944925046725
0.288247750671667
-1.24925846756193
0.430852990059203
0.958516640458001
0.819660764282114
0.147271366773098
2.04961361244638
-1.50355853206298
1.17777536958707
-0.744250510002381
-1.53815925079342
-0.849973662093657
-0.467047454267452
-0.170598352174547
0.695506426603689
-1.57188873868115
-0.490604906896891
0.368729168132417
-0.538173368688628
0.990543021035905
0.543873033238442
0.779829074225875
0.541188816809266
-0.948842612219082
0.717608237694058
-0.0528114708157764
0.846714845531846
-1.56297166344267
1.00017874654289
-0.400373369731379
1.0402221700395
1.22128977997364
-0.905623085825325
2.42312455039547
-1.2445337197956
0.732987049293789
1.17509987508734
0.885506942083442
2.79522148463467
-0.0418694334084601
0.255103073892337
-1.01457424348886
0.775048800164385
-0.65883527440184
0.147608899146131
0.886580837899855
-1.09929419752853
0.958952518679221
-0.53730092166721
0.819548981208571
0.0571608057725964
0.435143759434721
-0.773460846974627
-0.486793784886268
0.349777440576991
0.269789883026262
-0.681754144143807
1.17429327745046
-1.26654334480028
0.00285352877360789
-0.204006297544532
-1.71567084726993
1.29490253263813
-1.65821639644872
-0.412512355277333
-0.313618106403102
-1.15834766584387
-0.148357206913871
0.54680608201079
-1.58470802157213
-0.627600953911401
-0.645496791025036
-0.637727811694089
-0.807506830928124
-0.625653582159248
0.584985199005299
-1.80955817031247
1.59946971098716
0.902772068074805
-0.123782025301895
0.408091937511099
0.529026003607944
-0.277516679907301
0.470980449242449
-1.46773072680342
1.10247940887982
-0.442906722780883
1.51605619946246
-1.9831844583684
1.19756388963808
-0.282879083177536
0.607490271274007
-0.527541961817752
-1.95430516265804
2.50306804440218
0.729571403953753
-1.49354235071149
0.172210089460115
-0.397364958215016
-0.200840105371875
0.625093405391245
-0.329925717682387
-2.1025718616772
1.37425250876746
0.521617406313492
0.469381467182305
0.20466825483947
0.762048149645297
0.371297836771902
0.884907921069558
0.615997895764251
-1.03291163636701
-0.0822465767845128
-0.558128375058004
1.01087467305975
-2.45939347563767
0.00323609243913817
1.35475743440124
0.713823505082202
-0.813650130441877
0.582507834304216
-0.966105553517561
1.73307281861972
-0.745143387169355
1.73111391033522
-0.602665626498168
0.0760741754344967
0.23186253189644
1.43807555413659
-1.56013924389325
1.29040539712438
-0.702581887682813
-1.97231416099751
-0.613648552567851
-0.133305517382055
-1.01892232407151
-0.0630184304197523
-1.16025623531325
-0.285665739659993
-0.197054965037414
-0.825689958851236
0.0156107619669457
-0.690400472346757
0.830727590776335
-1.01842573544253
-1.46491348886467
0.277441749565131
-1.16756191547986
-0.151872017278297
-0.700653936181947
-0.322367727761142
1.82691189276946
-0.474434777920961
-0.0151269045905315
1.37421064603483
-0.239371384687123
-1.1143273114058
0.468124715920717
-0.570484136172143
0.550537326545593
-1.32360086572459
-0.350128098290214
-0.714675123117254
0.316570910027979
-0.0740661806106036
-1.09063805395984
0.902343647664672
-0.582431958433405
-0.258713603762162
-0.375038999818142
-0.0369949361477633
-1.35972036006861
0.317921151905621
-0.780861072731687
-0.886703595952559
1.60380024009329
-0.683672199498101
0.349821709553879
-1.00941387077453
1.00127969917855
-0.863087167847187
0.433888939116482
-0.44338161624316
1.38216861141775
-1.04437935296074
-0.501320881096782
-1.49088085288032
2.34751597511006
-0.506556492433503
1.35751201597079
-0.268994938269795
-1.3226617298328
-0.746023135152368
-0.536311070456544
-0.41203001072373
-1.60439336815813
1.56789057763918
0.0469770556269368
0.112534552080684
0.704258977426418
1.30399327681076
0.882717923719455
1.87787568420156
0.0148942127617658
-0.31318675997786
0.208010309666751
-0.446499443661106
1.1013201181041
-0.0286865762388417
-0.505334361921489
-1.10565091308898
-0.181012780992479
-0.820912445800883
0.0297061243981334
-0.43747745963152
-0.183558853489015
-0.84515519378608
2.05974210356197
2.0263644588
-0.569394962288176
-0.133466650986512
-0.0777357591946108
1.78655375054927
-0.981992022760178
0.525176626187668
0.233879429012457
-0.138349596661967
-0.124458249269813
1.29922091843627
1.48424428751659
0.534576433207656
1.00555974793434
0.686747061077072
0.595884862724817
-0.898714766519002
1.87593511463103
-0.717831369422796
-0.545514995775044
-0.0513852195661611
-0.0246428000299782
-1.43247081185538
-0.251983284638555
0.0240421626907899
0.163695598162633
-1.61899893549378
-1.1328615648105
0.42657032961327
-1.19920075324474
1.30645935716283
-0.331694793170473
-0.728142345341932
-1.19284329060758
-0.479238858934942
-0.533742596512331
-0.969346639761405
1.70027099245487
-0.148974321954917
-0.577461626743591
-0.740754655575329
-0.0148660891349954
-0.828262438065308
1.31411079135161
0.842520623750661
1.40913180040598
-0.0999303656050491
0.57632958189295
0.363331336334817
0.0954133588079466
2.30778413464188
-2.29520220291263
1.53107356723189
-1.19224710382943
0.155573047725504
-2.15176595335646
-0.112822802502276
1.62339522450916
0.76210377374026
0.6917509235678
-0.805750587666979
0.112345806036863
-1.72609472740504
2.01754917523486
-2.43736811242033
-0.208422518644614
-1.14897535104794
1.20485384314164
0.0501522128967348
1.14992122034505
-0.474333949348116
1.23939586848822
-2.26141789617593
2.14147915155133
-2.12107451296844
-0.336439438079755
-0.581894933577759
-0.155017311427333
-0.469342048827026
0.962590176574719
-0.235099291037948
1.2562292869201
0.0094532770412581
0.05278406434816
-0.313690365999747
1.79093900868969
0.787919343129841
1.0914318272912
0.24183152139952
-0.532027903661657
-0.227311990294901
-0.581525232548868
-0.113514024720396
-0.0926769854050434
-0.376286172807356
0.619534357357781
-0.588979755609552
-1.17648173066064
0.62723862164523
-1.14779046171493
-0.737597732702484
-2.01394022745289
-0.446123581142784
1.14206316731371
-0.270913282703382
0.128050733176217
-0.382613362396368
2.86831656176854
-1.48070827297703
0.139953867327429
0.512355999646001
0.66595705985162
-0.831004082950704
0.173425216035033
1.16569539217952
-0.153723506284799
-0.411113537327776
-0.144115737683615
-0.785492348401349
1.47352372278419
-1.41605844864987
0.176134355438378
-0.783283989760602
0.138960377949585
-0.535414940803681
1.04091286052522
-1.01638098107695
2.24874306370885
0.482311834758327
0.0442293469634199
-0.906690639808048
-0.798840724806767
1.65345894940511
-3.8448001401815
2.36870201715277
-1.76505349260733
0.165931882523729
0.998272118920978
-1.04663601136604
-1.02565013011352
-0.130536283935992
-1.49976408715595
0.357614308680741
-1.52431315850325
-1.40256843321978
1.15012141329338
-0.625941961880858
0.592524525483025
0.486578619909887
0.376770624490138
0.156404494502571
-0.241369414295211
1.60833262345838
-0.0841761633066021
1.06579756698086
1.21324143797942
-1.10142695301993
-0.239710657230047
0.275524569823232
-0.043255379732011
-1.06306040259983
-0.264097704699725
-0.106990894188003
-0.179639891525748
-0.644478895392177
0.965902939820211
0.951019010730001
0.464953167096058
-0.204704936077997
0.24403478597984
-1.07953949666078
0.629529572693237
0.283047952730691
-0.153315743393318
-1.21380281464298
1.79780324112849
-1.97087878987532
0.0859063588494565
0.7064631613284
1.19081789141608
-1.70956453369887
0.869828826467144
0.024160396173768
0.207403146161416
2.2134848883521
-1.16879951166793
-0.11308801179543
0.469945231615505
2.32087760754721
-1.37156369139117
-0.208176124941245
-0.44443775824143
0.683658643744987
-0.85249494837063
-0.184566098974681
-0.914739499460094
-0.341401902626461
0.362666693682639
-0.403490218116035
-0.307133452327359
0.23639805412299
-0.990753927373618
-0.30740517706952
0.550748532350088
1.11235515774784
-0.471493742185936
-0.069342959502281
-0.0697055585933776
-0.617441323525953
-1.22055647030693
-0.578049444260207
-2.13482340359006
1.84669120447897
-0.808621716851652
0.797652809162352
0.09489189900455
0.0784577992251284
-0.229470681019807
1.13407215999226
0.331761659759847
-0.834703935041097
0.230503637553529
-1.3456298425804
-0.639128176415832
-0.113512073010609
2.38520784208914
-0.423326791190169
1.24790238246511
1.63526818873062
0.0897948617925504
-0.96452246758397
0.869013888599679
-0.82037471121935
-1.17385294355521
-1.43046449637467
-0.153460880103826
1.35467427282775
0.245363415186979
0.600642407915043
-0.175025948122304
0.267400780897256
1.07301588622624
-0.286754723953758
-0.778023618172563
-0.0750132670767329
0.379337504514232
1.01472511312095
-0.224752618046805
0.317929574275836
-2.34666472196841
1.45329452281707
0.0643750048192114
0.548245747155369
-0.157794465176979
0.0699172585439394
1.82765453523848
-1.08434079198531
0.279073416732767
-0.479580950422568
0.658375309468934
0.416602103830084
-1.32869845749475
-0.223924484965581
-0.251540042825128
0.0147790979621377
-0.790530143463973
-1.09725698029976
1.48606589963259
-0.266034942134915
1.30078483210505
-0.943436295766959
2.51789766372829
-1.17892272267139
0.437775313293956
0.603113807901895
-0.339339790975196
0.418134360178737
-0.282001632485506
-0.0756180146884452
0.911594969974326
-1.04461363245912
1.38872075846142
0.460235875657248
-0.104723790467117
-0.316598222307608
1.29390929535085
-0.309367358207644
-0.493347183232253
1.73411285960268
0.292472505186173
1.02169305513934
-0.703155344031516
0.594786024488027
0.800249568172979
1.22989840053023
-0.436977532052281
0.950912167152808
1.91144634401676
-0.582752751018123
0.85958257950143
0.968339487331999
-1.16709607155323
1.55639387266155
0.254579754942624
0.203517826691449
1.00007002512901
1.0835247610528
2.17167796012816
-0.194055384575271
1.6975360817925
-1.37110189793615
1.42115284941637
-0.283899992305595
-0.696570450308796
0.847136157104648
-2.5177323892616
1.6026531802498
0.337380641802642
-0.695792821072023
-0.651077753239329
1.52137516471367
-0.231544252098926
0.5016332160837
0.917656409388354
-1.29413214228839
-0.594327170889033
1.76247156174886
-0.925811621282382
-0.918609322095963
1.56506471267315
1.55171017162192
-0.0166445301261851
-1.31068591995273
-1.21886507543682
0.455301310054842
-0.711470845482279
1.58870380213545
-2.24132592623307
-0.715405966924427
0.912675021661825
-1.24149695791408
0.0166478646353088
-1.591840999267
-0.303875844659683
1.53608174605318
0.154743691703776
1.10516231481802
0.285326534809161
0.449909929307448
1.84235653250699
-0.957441785504821
0.876677097056354
0.973088583809486
0.262124981060223
1.35487599443262
-1.6153868779315
-0.274199335796636
0.328544938853947
-0.74552232986789
0.838071296227515
-2.36159514365268
1.03298844892506
0.0928881383443249
1.09834015028241
-1.53208520578087
0.188778107113291
0.0657204828204787
0.375655105558795
-0.802826594538765
-1.34000787506866
-0.0511310867483368
1.16424042630205
-0.627277129409132
0.747414487382159
-0.362579595859549
-0.553036438458252
-0.304180506690505
-0.683281559975351
0.892128052662629
-0.415949832560457
-1.63161134786902
1.64077594218763
0.297566722135365
-1.08300213024093
0.612854159967586
1.30525229256733
-1.09632493590031
0.186060069212777
0.876544724587447
0.197103665336113
-0.826663906664918
0.17771705185744
0.261356985187314
-0.292442306632091
-1.71649295375858
-0.907745855260649
0.0675340225837847
-3.94266586824704
0.693403680871212
-2.09046222655827
0.366898900534938
-1.80725218638786
-0.512049696399525
1.32248808458808
-2.1545777248176
0.456953702116601
0.162668149301006
-0.4775403517636
0.562285915762268
0.333413092315804
-0.282762553157734
0.328848897225927
0.220430946464172
-0.235005294742026
-0.918466800237735
1.55290894794147
-1.01256223158811
0.818705608266499
-1.24790530060889
0.752134572613097
1.32361842981644
-0.448329961386278
-2.30069061809718
3.01811340212437
0.343509196981289
-2.25423870805161
-0.521218982842994
-0.477327588194504
1.32758699830602
-1.10881645271738
-0.330844205200773
-0.683731442162851
0.73871069063633
-0.392750382309546
-1.00280294175338
0.451231993871514
-1.85563207202649
0.853181979002329
-1.3621772703248
0.117775648736486
0.140653195772452
0.10956238575328
0.298861814484771
0.67363155969725
1.62760086065978
-0.146713742069086
2.33185080826551
-1.35655051498178
1.37054900100623
-0.828990776498593
0.588240835362038
0.407055017107283
-0.453038751305369
-0.427980819659769
-1.85919727651565
-0.162501432918866
-0.55095048243786
0.0872228205356775
1.03051715366572
-1.93206869772405
1.56887007670902
1.36541565433165
-0.797328866237339
-0.329074434257287
0.602789350198005
-1.57035583382274
1.1254137412516
0.0212398391214849
1.54642534757392
-1.42580222082014
0.765657611736587
0.177612879850317
0.526874250954851
-0.202455249562874
-0.374198844733003
2.15592029160865
-0.696202640792392
-0.426516688103846
-0.10683409254994
0.276939883506852
0.560717050805165
-0.598508033750755
0.197182963976858
0.0375187430728586
-1.11712562473469
0.142210333382677
0.249359411534214
-0.986633206807349
-0.601969663347113
0.0475169179853787
-3.54659553770339
1.33653040134779
0.340531124793018
0.539193939159902
-1.03914646128327
0.636777635196541
-1.33929005621417
0.121013659911887
-0.117980132387619
-0.620651016038399
-1.76411174389751
0.173478967304543
-0.0411015516315723
-0.227006074673603
1.08480821485501
-1.47377963246617
2.03820450891667
-0.341100010127421
-0.948034120032106
0.177024802537939
-0.201385178139263
-0.604477580973244
-0.385297633550449
1.76721210342544
0.357383027339144
0.345505119512202
-0.647168571840412
-0.507546393917822
-0.88903112104336
0.328704648944215
-1.32187680391581
0.156199193460388
0.179776147745374
0.219607458614903
0.241045360617095
0.083053133295142
0.685111855445622
-0.807862507272913
-0.251217708061946
0.503333925974258
-1.41085884175404
2.1181402854739
0.78169214871575
-0.795812057311674
1.67823187829103
0.16166415639759
1.27443777776387
-1.24195452260257
-0.274099965420128
0.14989338678098
2.58751510498752
-2.71641901939232
0.511051896194181
1.33265434059163
0.638719309424356
-1.72251322145848
3.166297760453
0.0356037578997616
0.607924123212588
0.290584490148275
0.496386090038828
0.257978308024855
-1.27921978514761
2.34234801480395
-0.703949545500688
0.615339490827095
-1.06456930076792
-0.521522155193652
-0.877286584960537
-0.213674923705212
-0.0971883757373188
-0.128560396052744
-1.47091138639576
0.916293576011311
-1.19709879222043
0.306658520640574
0.641673277787089
-0.976334006577292
-0.227865256466965
1.26397640290841
-1.33512402620931
-0.227094683863491
0.576246439683407
-0.370121933304081
1.25199730345243
-0.134175697798057
-0.865364314025667
0.4348363661975
1.09516583339834
-2.34493097607684
0.53669438281949
-0.405581074492154
-0.738460787578477
-0.732507925198986
1.32604026541083
-0.700871932398045
-1.41843181656248
-0.358336149219687
2.36442684021176
-1.8416920834495
-0.494152590893812
-0.800296954643102
-0.216496976415904
-0.980454051903681
0.453261411575744
0.0199814939026687
0.979929602971821
-0.065667399386559
0.972929620918814
0.50145501460866
-2.01974829539599
0.702715782702098
-0.384466219487578
1.3243282201808
-1.58104708115993
0.490359963324044
-1.02444574146874
-0.735409474036176
-0.871180937956323
-1.6650238084865
-0.284749535865212
-1.06948808501748
-0.0101628229547842
-0.22899398898689
0.996938797540843
-0.128422190299777
1.01647419157178
0.501724766357999
0.624147288191895
0.5123896962424
-0.100902809919848
1.58588138868049
-0.194795590113745
-0.102674506063739
-1.12332752733302
0.496656967488677
0.42002521657838
-1.73926096508658
-1.04328118224054
0.854981773474737
-0.151851281735105
1.23817354430893
1.33148605261093
0.43770925075221
0.734263381473571
0.368373699451514
-0.267981447165347
-0.68652943933479
0.476308744617751
-1.04003394681397
-0.863036895821016
-0.0992911424274796
-2.26707545853852
0.323575898708111
-1.94061763898325
0.613208885348184
0.849652853777679
-1.10029398351678
-0.357058448522274
0.127468167628584
0.703793815485226
0.0180095661907642
0.793396194622304
-0.965311211069662
0.912379797239276
-1.01144754325384
1.30011903273975
-1.10274930857774
0.791533353358893
-0.679481034133968
-0.557461576198917
1.82859747903625
-1.65951657436715
-0.230657226359006
1.96004545679702
-0.628180913335247
1.91181164641801
-0.0374338823078233
1.38890751295916
0.636747991930511
-0.759613626936404
0.673771722105679
1.25020496745752
-0.575107563750668
0.340610527058614
-1.05131069731414
0.527041664189019
-0.352022581288845
-0.39921235320274
1.84476984661545
-2.42842153142382
0.954579903144636
-0.964876904828114
2.10643866950289
-0.237999067436725
0.574108032775248
-0.739180269330356
-0.0810144876669746
-0.00235693999474119
0.930360862973642
-0.00935850726704157
-0.47668655772454
-0.343013291640779
0.969250026798509
0.362939839758486
-0.840014805429419
0.443227512784435
-0.946658083510789
0.674923157678673
1.84944450141355
-0.665303005499742
-0.791783549997998
0.46840890403272
-0.553047420009098
-0.183369557816888
-0.496017635811859
-0.0578784786489422
1.11235796814498
0.781338721888888
0.167333747026541
1.02944974772303
0.750548508869871
-0.243285042770201
-0.0538771892866
0.957411774066611
-0.393837592526709
-0.499142151440454
-0.196522866451466
0.376014293444509
-0.411869444996466
0.343712340457458
0.272962038675078
1.6125765984073
-2.01630589811945
1.51131489554689
0.147730704797444
0.227717809684734
-1.36049527860966
2.36900322747828
0.0354414770395924
-0.738374740539579
0.490066686911127
1.60206732674905
-1.35749135374033
0.131335478318761
-0.72301501675359
-0.213382135086327
-0.149906830141165
0.491183875514349
1.66629911904691
0.563343049171886
1.63745844494842
-0.633719749679774
0.0333788326267365
-1.22742667942211
1.55598890981776
-0.529458960653025
2.15286322743909
0.488754768243802
0.571004250866868
0.119484252974825
0.581195764579287
0.632728733041694
0.868273140490386
-0.279049821586014
-1.78104496520414
3.36469287436695
0.249651988901097
1.12050524878821
-0.891805518576019
0.705413357513836
-0.503756605537866
1.48819381901332
-0.20115800816889
-1.86501863724261
-0.325274295863758
0.0115217204555322
0.315689134342324
-0.933549819978373
-1.06883962340113
-1.16297694809237
-0.566972914707198
-0.68217034325141
-0.585005375563576
-0.278634427050426
-0.0808379097102124
-0.843588296004473
-0.769070132221634
-1.01011306615015
-1.55921376696963
2.07961983257206
0.148574277911632
-0.669993722784055
0.192265401504497
1.95535409494229
-0.598348289296004
0.510534387370976
0.616307307782987
1.69830259491069
-0.300980829917107
1.2145048728021
0.750395462319096
-0.579877465669013
-0.0323474691757411
0.783833303375974
-0.309574261283719
-2.51935575975999
2.05472591744499
-1.4877746226327
0.890645778793206
1.4742944843673
-0.875050391797651
1.37721864293909
1.98531278957012
-1.25927391984565
0.804648195316536
-1.856228820356
0.266773400198632
-1.3519256570582
0.934926290546912
-0.47126680327225
0.991129751275782
-1.73333679806752
0.663893424852488
-0.640739202738555
-1.43544692712602
0.144360951580562
-1.36511177572123
-1.27360892400376
-0.138831266074554
-0.240082780080107
0.416936077235519
-0.92427072176083
0.637967117717289
0.658549565170256
0.205597418941432
0.0537715305737743
-1.34819324595262
1.10122922516741
-0.115561781834753
-0.297805127098015
0.0544502195382212
-0.545235338706817
1.07795064161928
-0.300623384035024
0.00350145297890057
2.09577567457373
-0.943768455134601
1.10487927685395
-0.535147974364862
0.235723421330927
0.348680586663464
-0.984999684951046
0.790819561662081
-2.0461875434368
0.937764165826921
-1.51656923892218
0.105000627760107
-0.659418736434698
-0.701062386405132
0.650325716384248
-0.871922230629333
-0.513966225690452
1.45117023327454
-0.177296813012423
2.27043915248454
-0.54404158587088
-0.278415999654652
0.510380511319594
0.819423694888479
0.782117900996731
-0.6470714108404
-0.216967400135931
-0.711192672215179
0.816646630828596
-0.329142832458322
1.22686396912149
-0.387450766548609
0.33913241441954
-0.71814191577188
0.53436294600528
-0.355263179232331
0.51789568165867
-1.38436565675469
-2.75223054018657
1.15736287218197
-2.25636015699278
-1.51660923612754
0.748131758632636
0.99472502516911
-0.769648121159574
0.529374201504713
-0.561287143732314
0.954729971798337
2.07244289412795
-1.40683473864322
1.03688057093643
-0.492788560507273
-0.936918481500083
0.865852836540752
-1.47882579459893
0.556242903287043
0.282409324807873
0.148744031151752
-0.577131777092577
0.583668142572862
-1.57972889705148
1.41006197601575
-0.585876064264143
-0.423266998688345
-0.254296456567491
-0.85090115652655
0.543315424552521
-0.694142195611964
0.818047469848999
0.456689719100427
0.256123565311711
-0.100043808553459
-0.192578795431401
1.06301141801119
-1.01007969862701
1.89401942785995
-0.556700815112304
0.255972430129581
-0.0493143774258841
0.37349876227598
0.293306086968123
-0.783620879552347
-0.356656967759424
-0.0581817064087727
0.0976348324984259
-0.0654523520546013
-0.256377270041133
-2.61470754294132
2.09857748065212
0.915090874315084
-0.236886587059556
-2.58696375281493
0.812466993156453
-0.893366715706228
-0.929254170467184
0.461259890984835
-0.882069369460013
0.561332136714558
-0.998691256087437
0.910513883330341
0.902371284047533
-0.873485994760592
-0.951688980272178
0.661929536213349
-1.90109457262405
-1.41659125238889
2.42964294318074
-1.8551740669417
1.21443389535254
0.495216144259814
2.23845478575764
-1.05135382224831
0.467305664788998
1.147799133889
0.111991399281581
-0.0651345987250873
-1.17721231414897
1.11025156130766
-1.76216596186911
-1.11442200365593
-0.485489660972889
0.091544990670765
-0.422753538596485
-0.407367311765857
-1.19109488484858
2.23016640654811
-0.681084635030308
0.434899715835534
-0.539053445906269
1.55604676827719
0.840579529628506
1.09375702256493
0.648704788061994
-0.0671628165906177
0.585931160669488
-1.47236038134365
0.886050233680623
0.606219029242587
-0.0282795802399888
-0.527988772118847
1.47189576904767
0.397337409090998
-0.222724356051933
-1.28541990488319
1.27925142585169
0.728800920206851
1.06805247308523
-1.63099735160314
0.693898767694064
1.55433645974605
0.109357528136593
1.20397394902528
-0.439731114845389
1.92257886062485
-0.842314991421853
1.78302944843152
0.941827437076438
-2.58400301238764
1.84796847046754
0.0308165635482965
-1.03978810358383
-0.760531561827438
-1.12050793025437
-1.53834595215485
0.176986755086354
-0.181612559052849
-0.92557553095846
0.189139345960091
-0.463821174417319
0.735429495561914
-0.177988147306482
0.254227148897511
0.152059914046392
1.18450704737838
1.0973513545414
-1.12469014354667
-0.521172838929042
0.133610982695079
-0.451929003666922
0.953883969474384
-0.288381386643083
0.0837141753022732
0.145268916632366
0.00523117829276643
-1.19238291815618
-1.83430201994313
1.16706392272927
-1.88365802666314
-0.307793312273111
-1.12191252986196
2.39606968633357
-0.08091852200939
-0.31680147265223
1.10620254927421
-0.435460834165617
-0.528251732272869
-0.516473398059815
-0.430120140626515
-0.701610184569309
0.736324661337021
1.10746568226825
0.295283795379613
1.68682242217652
-1.07361989553874
-0.113260824564332
-1.56601720718341
1.76187206218522
-1.06740742370347
0.135876262765864
0.591049965938489
-0.394573528786179
0.684157356245594
-1.12320244671017
-0.35169738071047
0.474776114163826
0.126897146606137
1.22352652435512
0.720294252947549
0.463827550750308
0.0990523009800395
0.27007704855653
0.396267147880676
-2.18794202794884
1.06311006453325
-0.278320332768599
0.807510410451456
-0.967597245814209
0.641966002690046
-1.72754947709886
0.290065477094605
-1.03032700760509
1.20720487965919
-0.139888588681517
0.65146929907223
0.0776542625752011
-0.579972450612013
-0.648330687304205
1.76344481242511
-0.931570222833238
0.426284754843544
0.614375151312783
-1.63203944168986
0.105726292318602
-1.53193450024875
1.34258172853087
1.49393546127559
-0.427809464787956
2.34234292723491
-0.346195127233686
-0.208481045302602
0.195562345200657
0.32634769522056
0.0848260040790054
-1.07091014370342
-0.849524648882097
-0.195254819715901
-1.24224516780914
-0.182411252501848
-1.07602023358679
0.595635794785439
-0.370667018735925
-0.372812438411803
0.627446466074796
0.827527410605146
0.0517833602697812
-0.56236152411722
-0.303144934997049
0.101170765838421
0.0571227567834312
1.40631605799943
-0.274311056023294
-1.81209129983597
-0.506192444371761
-0.627325064519505
0.61946584591152
-1.07946907265941
0.195079293746143
-0.718687150801007
1.95626652603422
-0.415665463794951
-0.728268919462991
-0.527513269521338
-0.932065092876166
-0.182430366430713
0.392140202195636
-0.806640120033433
-0.465687710562167
-0.648174550330624
0.377254451500293
1.41643094343034
-1.25927178085137
1.71561033331787
0.726720627638812
0.460634188779058
0.15876279130668
0.416265822457962
-0.168241340927979
1.74293876572043
-0.499384589999595
-0.357925847161801
0.975139554613967
1.09652897482208
0.151630979057077
-0.433077363983796
0.32336152016767
0.434487893848133
0.471573623370381
-0.0669872081672572
0.823426870076008
0.4230296504225
-0.847782610351559
-0.634578951935792
-2.21818806822949
-0.87789249145345
-0.788681797982468
0.265361022389876
-3.29189452143631
1.11601410952571
