x
0.826842644301317
0.894468257843763
0.0100120900583808
0.367095638460303
1.05572718823467
3.00317070331124
4.05349463621934
2.82259851715123
2.35879381201813
2.477660289776
0.600619822812943
-1.02429161358761
-0.094820342587394
0.219288390070369
0.668685534821443
-0.286209132448022
-0.962355367021902
-0.931864538547315
-1.55654969964393
-1.10102033270949
0.828878416858058
-0.591862479808009
-1.14041762332417
-1.59337736137389
-1.61361021382939
-0.830082321357726
0.443254780817685
1.8992040163333
1.22909010172063
0.927531618245129
0.158037680433153
-0.13559884902227
-0.898934886041445
-0.47862320531372
-0.136041367069537
0.385507461789999
0.131559500267288
-0.499015851606111
-2.47402890377965
-2.62403722596284
-0.653971270679347
-1.62618185095685
-2.18135975270953
-1.95273899204049
0.860142252813354
1.15256606805376
-0.638174895783916
-0.815872959038448
0.184198932289998
-0.0993372120032195
-0.69052069269813
-0.329585690919385
-2.26892277458788
-4.41416751363226
-2.78296676189752
-2.88638940547568
-2.17515426188845
-0.487317944338859
-1.04090595080352
0.190290225841209
1.1352600519795
-0.242411510007286
-1.0725506835236
-1.39320810713618
-0.41104765941787
-0.972232726903137
-1.50077845266246
-1.45427234124284
-1.21845523441819
-0.130033909415556
0.596437986146261
-1.05331069748858
-1.79759355232109
-0.367041795303567
-0.398250601371183
0.780341242023767
0.331233516401574
1.2362347470446
2.30225252921904
2.71327441220026
1.57585103624597
0.887732787087965
-0.0466995870686472
-0.392997070611952
-0.157944628287683
-0.653824555328088
-1.5525336635743
-1.48292151408765
-1.37693937877182
0.161052399880898
0.692768154748191
-0.580646871736983
-1.931780219758
-3.22306789484917
-2.0777020624957
-0.415472512423191
-1.84925790591651
-0.488496852202317
0.323764428274091
-0.355081639708005
-1.00186166472322
-0.754006754609318
-0.37447829856982
-0.525348031099019
0.633042300073922
2.5301434805534
2.36024554733216
2.66260248811
0.676190751322577
-1.44861916479575
-2.27006470538658
-0.612898866860198
1.80674404745333
2.90419365621624
1.28855049019084
2.21748845157346
2.62274090051973
1.44134669500322
1.52375926129682
1.34232962062808
-1.4317897342363
-2.19222809596372
-1.84553573270937
-2.86870255985198
-1.78260939590556
-0.958089943241969
-0.667281238489879
-0.261312268499382
1.10130776038642
0.86010433301369
-0.0877428159756429
-0.121071981579096
0.697397811939446
3.00207679453477
2.99398744904419
3.70703090583847
2.52139123583849
-0.937208045850792
-1.74869089034353
-1.70526565916801
-0.375319469515093
-0.926615019924152
-0.0252591275606104
-0.591505068589987
-0.891122709498379
1.13519903160122
0.718121415982337
-1.58200006976595
-3.7040955629276
-5.00102314419426
-3.64282931411421
-1.87433445862139
-1.55515879780781
0.386572881429986
1.39115231487562
4.56680161127369
4.40089104643384
3.00943465716316
2.63745468323199
3.12646876421243
2.9701616607201
2.59788037692957
1.48986624340678
1.77249214359208
1.85812242187062
0.278624395196185
-0.379347295694087
-2.95193183806165
-2.28142110494077
-2.66861676394433
-2.27545219374202
-3.36991219704559
-2.82845902094892
-3.9213235956867
-2.40521968095142
-1.98793577973848
-0.658937899545377
2.13669098692216
3.1858961133221
2.04595958136937
1.85180600254661
1.35540572698455
-0.100658917530669
-0.911521835071123
-2.29234169921415
-1.48114453053769
0.139982460512576
1.05166692534271
0.775903220368724
-1.4682045061977
-0.928824038249326
1.60143816751445
1.54249395079446
1.45065482267387
0.314321955272879
0.533479144478525
0.16985900763323
-0.401677630570209
-1.66338441053224
-1.37963831905499
-0.435770422947259
1.22194487988611
1.46843122840956
-0.0973776348913584
-0.511169964879642
0.892054153848722
0.911510228661145
0.211860589471825
-0.770386868246059
0.182941814815768
1.53373175243026
0.432871866810708
-0.449270537324431
0.65110925011985
0.7598473567865
1.30468956772366
0.791319363406843
1.21606807794714
1.44797537584653
2.83233607476466
2.10193555362465
1.07399062283659
1.48413527494666
-0.385574589337965
1.13041068632175
0.974122359822528
-0.28001537309155
-0.0880753588226645
-0.51480464491711
-2.22877414893651
-1.23909875991325
-0.390249049154031
0.705013071342038
0.0971504372443502
-0.13016647186511
-1.40310546876872
-0.744783623435757
0.152505524891024
-1.45492854325793
-0.907646024418079
0.285980207647932
-0.767529003430957
-0.834874873445083
-0.455924432377653
-0.156376409464553
0.0438560415062736
0.129665633234459
1.45148813555907
1.11567176878068
1.58857977854575
1.68282306300281
0.224568775036001
1.3779751614053
1.98480284391275
1.64498140545644
0.588843561377772
0.589577611504948
1.28120227455008
-0.847936376681286
-1.83441875838567
-1.32239404161474
-0.851335863583081
-0.485971068729173
-1.91511893047559
-0.880520297229927
-0.598553884247084
0.115043282666506
0.0457217212501955
-0.610212898546432
-1.19908002510143
-1.70262135770475
-0.965031712822809
-0.901453852659187
1.34032221345012
1.11926420410959
0.701891597399218
2.60492991169213
2.82211559790383
2.8929426935165
2.36401470565747
1.80885022356086
0.405818613824855
1.3132968941949
1.17629723557929
0.60110311778153
-0.920926203316345
-0.942454560415908
-1.66426886610471
-1.70917259017221
-0.922391801411861
-1.26351134663572
-1.64978210058893
-0.221562559630678
0.729394074471825
-0.264905175106033
-1.98985404800407
-2.87864040433884
-2.71931146857931
-1.79335672773961
-0.165971969500001
1.73799646725338
1.64779821491969
0.24290487266278
0.239216715039931
-0.19308900009083
-1.92624265800444
-3.13327102539612
-3.35557888182592
-3.15028887816479
-4.44369844336753
-2.04606459636064
-3.1049660813672
-2.60486271117218
-1.8458745520075
-0.537073874719529
-1.2187223405047
-0.559184215280197
0.66456975253482
0.559510781851661
1.37115303935733
0.840576636864651
-0.503016772845454
-1.08032838899741
-0.341929917803088
0.107818811192385
-1.03434714691861
-1.16248892582788
-0.98621463682283
1.16536335980779
-0.295653633930133
-1.11563919392219
-1.50483233265394
-1.22125854185361
-1.24327604839013
-0.961354421919658
0.372296135054832
-0.471430527956979
-0.587905643614128
-2.24790072376785
-2.35683109602815
-1.54556455538803
-0.157350827846776
-0.238967589797649
-1.51839605773991
-1.53702200975425
-1.16742352139407
1.10026812262449
0.263287563363307
-1.52060067271689
-0.16505302883304
-0.516801804125545
-0.950266888758779
-1.13351289007825
1.08682036595956
0.736420684999411
-0.181008821609174
-1.6540955279995
-1.71349857858757
-3.68061657140434
-4.0454357096255
-4.25756895092441
-4.18354860637872
-2.50381774202792
-2.78884549488545
-1.63771861015298
-0.410895301666086
-0.796739153307989
-0.0495473173799763
-0.220916271086016
-0.657765665620136
0.35844346489729
0.593814930079201
0.993776684947313
-0.0384419104950696
-0.270461803955307
-0.665160214936538
-0.484436156661605
-0.95091515724252
-0.456063129799712
-1.2816733428529
-1.05840196367226
-3.04763953206535
-3.37703635646718
-2.63588690110969
-1.76253919926619
-1.89391334638524
-1.99882881126062
-1.60777421549626
-2.29436892278971
-0.731172237508393
0.984413847356355
3.02122655981341
3.07588327603311
2.29266812690796
0.779019100515242
-1.40868974876778
-0.904705467078608
-1.5034429084108
-1.59889085156347
-1.880519376897
-1.07647367971106
-1.38967742401562
-1.33772096528067
-2.25106266906631
-1.19787706797347
-1.58345368015856
-1.61465358182571
-1.62265406430545
-0.401215205548028
1.23332282959309
0.578371088816489
0.958883061334824
0.771592482932015
2.90965435573797
0.84241155077995
2.8317465353787
2.03639098520864
1.346084294646
0.653464588903309
2.45233833414433
3.04162723697588
3.58389383957134
1.91176812715022
1.9748373664973
1.21403858059653
0.216280494551594
0.521610887238457
-1.80199220723657
-3.09155020633464
-1.62599599494985
-1.85370098011528
-0.569908001299732
-0.550155187248251
1.3508732739406
0.934050697266571
0.483930848994786
0.333127582263985
0.144906046508843
-0.853732606231551
-0.167595446326727
0.569098758435655
1.65020372020888
1.0632209047232
1.04671511063924
0.770275217337576
0.694819253614929
3.29498983233113
3.64521884205933
3.18779308890214
0.570411228818331
-0.963365660249857
0.270102390971364
1.26812802745371
0.235901436374945
-0.319199231607304
-0.0367402625046962
0.441413794271123
-0.0697563558466785
-0.686636576012197
1.18026365552935
0.688659097267747
-0.116566625580636
-0.878058176055608
-0.508354221241978
-2.07985363329102
-1.3806676149822
-2.52301293567992
-3.07374813463505
-4.79454085717129
-4.51209538599948
-3.8151384768256
-3.43662788374754
-2.02158145749618
-2.47406452915203
-1.52570809752435
-1.76315531032243
-1.34912913933621
-1.01178408965383
-0.245749112605661
0.492669727237113
1.46100404671222
2.44764456481206
1.68635693039732
-0.318955648060292
-0.786113834480648
-0.202477705144206
-0.113624049890345
0.121055230689838
0.513811762640183
-0.149561116636458
-0.132614803683339
-1.45668259931256
-0.95794483953366
-0.339737832522022
-1.61243210049605
-2.93037873788297
-1.88797875221268
-1.63134475634721
-1.40159678081819
0.0856710755470856
