x
0
0.530185325315539
1.99273018780653
2.66511395753506
2.40566104723488
2.32770470763019
2.4054724606693
2.59309727404604
3.16516493916808
3.17423517676631
3.81676858406919
5.5183882015024
5.6153533683898
6.38451386924744
7.06117949947683
6.59975689105554
6.29289889373575
7.19306515472682
10.2812025450374
12.1220666115769
12.4458646862673
12.4979654986751
11.2875243938047
11.6461815565565
11.2551425235908
11.3528245154379
11.9998350931648
13.6345119052665
12.8126446165826
10.729116544291
7.45829515147505
6.15969498455031
2.69432865466344
0.854155130329861
0.165581922831483
-0.239513191654641
-0.665356750070678
-0.0837915946441187
-0.899692267748523
-2.90383891051539
-5.56317396818141
-8.46018057308627
-10.5104987794869
-12.7078714208404
-14.9502674284793
-16.5380272390095
-16.631593342042
-17.5765611682598
-19.5718439647745
-21.2700407053935
-22.3064790775967
-23.3014455004239
-24.4368622376756
-25.7944262886446
-25.6210978927714
-26.5728305172464
-29.5120016632392
-30.9046595347044
-31.9840306883247
-33.1693915519276
-32.2957867346567
-33.2498949739981
-32.9517506555094
-32.9066598243481
-33.033682168868
-34.1283177804499
-34.7425110400249
-36.6064542951526
-38.0136086866212
-37.3948040031265
-38.3589176774163
-39.3111526662569
-41.1852998346203
-41.2885130729606
-40.6570526212094
-38.2494315922999
-38.3797193648306
-39.0191873576579
-38.7801750346491
-37.2208117620178
-36.2954568198776
-36.7930104354337
-38.9409508906612
-39.6018359956765
-37.4008231283055
-34.8269560100787
-32.2588701130395
-29.5964115429728
-27.9078473179168
-26.9391691827728
-26.3846190565871
-26.7597742857868
-27.5687878666621
-27.7686164096914
-29.0511179274828
-30.2907104949237
-30.748991028161
-32.2191872538712
-33.1533700906907
-32.9131439121396
-33.5706891391121
-31.8017704185098
-30.6849438976893
-29.1901642757295
-28.1868095765083
-26.919003742835
-28.5450958641111
-29.5920615347499
-29.9420203586465
-30.3427608944002
-30.5212497302079
-30.4313787032094
-28.8669796331789
-28.3392936597644
-27.8276723227184
-27.6159804312881
-27.5494378515524
-27.8653082991548
-28.6690759552406
-28.0192553384217
-27.1231429943701
-26.1841623405095
-25.386246823402
-23.160346151495
-22.9443903512389
-24.0707525402428
-23.5395185209574
-23.6974364160308
-23.4778409290499
-22.6195042674199
-22.3536341025106
-21.8739682447479
-21.7575050849034
-21.377842542769
-19.7655378753821
-19.1981458089186
-20.1782953346856
-19.9024425056859
-19.0942411417406
-20.5024792028194
-23.1173274099435
-22.7944055733464
-22.6858378377005
-23.0432286353344
-23.1600426589119
-24.4377514342047
-26.1011980427138
-26.5985555026268
-26.4449279513123
-26.748473605589
-27.3091400133301
-29.1439596897088
-31.743655752248
-35.1304513282755
-37.5391921817466
-38.2385813655997
-38.6393855663201
-38.2705455216684
-37.0082043100963
-37.4878419501332
-37.4451260962678
-36.3295162685303
-33.6444244231509
-30.0163620575818
-27.8403632694867
-26.8743763420191
-26.8380533730272
-25.8919788342344
-26.1053954242905
-23.1898733078099
-20.4315966813731
-18.0963382671694
-16.2830971766208
-12.7118654417452
-10.1302238765176
-7.41592153475782
-6.70832441844376
-4.37061526241517
-1.95785750506042
-0.620204964182798
-0.182136644370478
1.40329223880895
1.128672639513
-0.0713018589048373
-0.863720005531134
-1.61609456885583
-0.904833951087229
-0.38273123013633
-0.0411540975742751
0.306967153117818
0.765523129781091
1.62042713126179
2.90344372146618
1.70219941340672
-0.74947939602203
-2.6344966748355
-1.59921834387139
-0.414637678198893
-0.357741272561796
-0.068077481658661
-0.277893749408391
0.846204857046563
2.16314056650106
1.63055852654371
2.7143626545227
1.81638826906565
1.55882433288703
2.57244885709461
3.2716107349171
5.06567977357321
7.11283799930088
9.36771599461008
11.9600769073474
14.2368512011203
15.3161573038994
15.7381498076437
16.0593043495954
15.4403929513436
16.6934885726959
17.8933883026878
17.5084019423073
17.5706719997598
16.8477105567421
15.5905960657417
14.8261491030762
14.0700035884027
12.538420015871
11.4538117807594
10.5375663726485
9.25331454653385
9.47380766624482
8.7993833647767
9.24903414831971
10.66739826443
12.3190389725497
12.0787461754017
12.2889536660052
12.5872666892142
14.0759984067289
15.5054665760916
16.9804399004418
18.4803622698427
20.9985727460456
21.9328760872415
21.2914331416841
20.6494844127896
21.4230785406713
23.1867745671963
24.3685983735657
23.7758710687397
22.9790390304724
23.8039868365355
24.368775064439
23.7940682940389
24.7996377662572
27.9612098519912
29.4425901246411
31.1816562418116
33.0998166231486
35.3110088179539
37.2835457539152
39.398617708433
42.4358348272147
42.660145449513
40.9423493226571
39.6524963340018
38.6072467996749
35.9289797784923
33.3182958607431
30.9809930024856
29.1573279720612
28.0554912699662
26.4541211636692
24.3530194541871
22.7975611124535
19.8257541191249
17.5288425896139
15.615018559821
13.6044298050062
14.2107972493807
12.8384397666435
12.5701463475596
13.8806785501842
13.9187059359921
12.8872137275422
12.8555895471443
12.9412601018529
12.4520573954377
11.0443192268191
9.49130258332722
8.54298436539679
6.23296854276775
3.48619690812722
0.374709218942878
-3.02502952106574
-4.85318831732376
-6.11091844540927
-6.40065772467252
-5.15567464694757
-5.2874733710919
-4.72475662783555
-4.72088802712794
-4.82957461085641
-4.25868065616304
-1.37722590705752
0.599933309146625
0.345043815754061
0.437029219207579
0.524122144256477
0.656103481785315
-0.0778299951055509
-3.57745066901141
-5.34751446298053
-6.11236642067126
-7.11977306360699
-7.80816948646443
-8.1574805147547
-8.39600839388356
-6.47659174137922
-6.77772962164925
-8.06129676578253
-9.68261802244993
-11.6521599810025
-13.2898755351626
-13.8652533813568
-13.9324315276393
-13.9913132751611
-11.0115599616821
-7.64189644654227
-6.51362259141844
-5.73007685358841
-5.53073277502143
-4.67706262528191
-3.74191179635016
-3.3994624224947
-3.92601798530137
-3.74750558190201
-2.62577846952666
-2.62994091836153
-2.6875960603044
-2.11569499258896
-1.58773226280389
-0.474788671801213
1.45383263691593
1.58566757121559
2.00337978261044
2.81617135905283
3.27737526775194
2.03250629293125
2.9639986873356
3.23702973209966
3.38227035342257
4.29962374186191
6.41597936805056
8.43488850538506
7.67243015571298
5.80787559703404
4.56465315872085
3.37813361815133
2.50224758319027
1.18513869860923
0.752842993198461
0.611955161492636
1.43678543150023
2.74503626867282
3.89291966181755
4.33297356512497
6.90639226996958
8.99793592851307
10.264732866547
10.5479679358147
10.8889718579681
11.1145837353269
11.8352664454847
13.1155991711157
12.1826612106923
11.145487990187
9.77112100032016
9.38706787123711
7.19452099061256
5.10652270292471
4.64685138530958
4.51763201688852
4.68549797222768
4.17558434764781
2.40219864501702
2.2726690478275
3.57351182020487
4.78061781816851
4.74017769809276
4.02954244556045
3.71471260655787
3.43302562196539
2.91801178166971
2.51009335273349
2.90570066063907
3.38833682402539
0.964764583135082
-1.16268564917209
-1.64467878507691
-0.135385089509534
-0.801851923884572
-1.95274981411016
-2.67854459320674
-2.02569187934483
-1.13104430086616
0.352843106450708
-0.233830857648623
-0.878780943439735
-2.36290045388498
-4.54292532829759
-7.59087964203887
-10.4793396062094
-12.9680234942453
-14.6510173636827
-14.415814833643
-13.5573159506816
-11.9292980562665
-11.7029706706046
-13.440234841448
-14.9185510632792
-15.3987177943118
-16.2088405455329
-16.867581481458
-18.3143095494264
-20.6054399163059
-21.6007031491521
-23.3280269027665
-24.8001243961394
-24.5203886608398
-24.7438670950106
-24.4761053157688
-24.3302658811843
-24.958725305908
-25.7345861583253
-25.3579240670385
-25.0894187659477
-24.7366566602799
-25.9567665195045
-27.031348276606
-24.2881723654906
-22.664287618743
-20.6278967212348
-17.9143310440975
-17.4732369561067
-17.8821669215015
-18.2254698240767
-18.86428573494
-19.2615836201514
-19.6018394011634
-20.0134386023489
-21.3205679994529
-21.9783791213515
-21.9565280514053
-21.0317864541971
-19.9272262997687
-17.7377212180103
-16.7510566556781
-14.5573868506743
-13.5548151078991
-13.0984689555756
-13.2565400509841
-13.6890437209085
-12.3264866349511
-8.25362174171403
-3.69294124790879
-0.0173127254424545
2.46216634955287
2.52136911086506
1.74130161927469
3.05553478033679
5.4440514032554
6.60411359890497
7.50197125895557
6.75739426607825
7.96075313372209
9.16125009314979
9.39480492733435
9.17162202088291
8.19733932684622
8.05545095347768
9.16794991873805
10.9796117205086
12.8816202920195
14.1992285464875
14.4043153040553
13.0549982361311
11.0298586384397
9.93908039357205
8.28534031922549
6.80436551309618
7.37111718313185
8.98368648163492
9.98161493451065
10.6274367478378
10.9017805051903
11.6108588289883
10.8753347711115
11.5971543387357
14.508978623144
14.995920400791
